10000
13.5477
83.5009
96.8868
22.1034
30.8167
54.7221
18.8382
99.2881
99.6461
96.7695
72.5839
98.111
10.9862
79.8106
29.7029
0.478348
11.2465
63.9763
87.8431
50.3663
79.7929
36.1294
21.1924
68.136
39.8739
74.0647
47.4759
42.2088
17.3865
30.1913
79.728
31.655
87.2429
14.9114
99.4068
82.1903
12.5183
76.375
49.0589
66.3606
12.5897
21.0209
5.12164
3.64413
40.8731
45.7989
48.7569
79.3975
92.0875
80.7531
70.5774
0.281843
71.0704
64.3961
45.6033
77.3917
57.3755
87.6757
80.8175
1.77739
82.1246
82.0841
94.0074
41.2667
42.3165
58.0957
15.8058
76.1731
23.0156
80.9735
98.8522
33.2448
29.9832
1.35391
21.7238
90.7365
84.8468
95.5018
77.8898
98.746
6.75954
79.3598
59.4504
73.2799
69.5233
67.982
39.232
56.1557
20.8068
52.7371
40.4209
35.2762
59.2824
35.6345
96.4966
15.4438
39.4908
38.7296
72.6955
38.857
92.7493
43.6118
86.2678
62.036
11.9547
47.1957
34.022
52.9842
71.6101
98.8379
72.0493
91.2577
50.5499
55.8269
50.319
46.2474
54.6592
44.7584
85.4451
60.4231
49.8544
97.9926
3.43173
97.7002
36.3186
67.952
34.6233
85.5875
4.50595
66.0119
74.9941
13.2996
98.2361
9.53552
28.2673
80.2111
7.7557
62.7384
0.809391
68.0287
53.3933
43.8667
19.9551
13.8001
38.2333
76.2421
4.04711
25.2956
50.4771
82.2605
98.1723
82.3455
30.1827
4.79443
24.7848
54.4056
88.7726
34.384
3.32686
16.2872
87.7364
21.0302
27.2753
49.2442
22.342
49.0301
95.4943
65.1969
75.7504
43.5246
55.2881
5.31526
32.2511
40.4981
90.8434
80.9137
25.8296
12.9847
49.3327
37.85
71.847
28.7805
62.3436
81.1874
31.2508
38.5711
34.393
81.5769
66.9285
37.9419
45.8497
30.3614
91.0565
48.8618
75.579
10.8062
39.359
87.0187
36.0861
91.7118
54.3806
14.0144
19.9873
94.8925
99.011
24.0076
1.65206
38.8615
77.9689
47.6638
54.0138
1.84508
90.0183
19.4495
88.5998
44.1223
14.7829
23.9502
79.9653
47.3015
8.98232
64.4551
63.3064
58.4382
72.6654
35.4638
68.0407
70.7322
16.2329
13.3736
44.9556
4.20541
79.7364
16.7556
83.1214
32.4964
65.578
42.019
78.1909
11.3193
99.3535
18.1573
76.2931
26.5921
24.4138
10.0738
34.4328
28.1627
96.864
21.3773
60.5928
22.6551
18.9906
40.1571
41.3291
17.0152
29.9052
63.6469
15.1574
76.9243
88.3969
95.9222
1.80663
58.2846
76.6854
32.7798
12.9066
29.1961
84.711
23.0764
50.1974
0.15979
1.25388
28.6587
9.8699
38.4755
35.5349
71.9971
6.54451
51.3859
42.3978
68.9801
25.3943
40.152
26.4477
93.4251
47.2525
61.0916
48.8402
51.452
24.5019
33.3005
50.2362
59.6058
31.0156
96.2998
23.24
74.6904
32.2533
31.8232
95.2472
53.4721
87.1805
93.4603
66.7114
28.9689
6.55245
23.1889
70.4724
19.5107
42.2218
93.6055
14.2217
64.3181
47.2732
43.6933
24.432
50.5919
90.6944
7.6504
71.3904
61.7205
18.9084
39.6982
27.7664
85.8099
90.8937
61.7279
18.0819
51.5024
82.4632
35.9324
81.6117
29.3388
17.2118
49.279
19.5325
86.4307
20.4197
61.6272
87.8051
39.2469
94.6577
16.6698
97.1877
56.3965
59.8369
13.1222
56.6777
55.438
31.049
12.0649
73.7791
24.2724
82.2859
18.5476
31.2677
88.1725
67.4213
73.9298
6.25432
13.1562
8.99529
0.831445
45.651
63.4303
52.9763
49.7869
33.5798
25.2823
23.3675
17.3163
59.5981
72.6893
87.7573
70.716
23.4766
47.7996
1.82118
74.7331
65.4724
7.80669
47.2769
99.6475
53.2098
89.9436
77.2901
20.376
90.7109
37.4813
84.8089
32.6699
32.6737
65.9211
58.6765
4.89832
76.9966
49.1752
48.8184
42.9127
39.4728
77.6454
97.4754
74.8505
63.4502
7.21803
63.3363
52.8921
29.6168
32.5328
63.112
99.4505
51.6048
72.4454
24.5575
33.2339
74.8609
68.2966
68.1271
7.88424
45.8936
69.8147
6.78848
6.91401
52.7043
26.2049
48.3375
13.0805
9.44408
12.0382
96.9837
75.6282
26.8176
72.4906
41.5763
47.4718
5.54414
61.3744
49.0619
90.4475
93.5214
91.8277
30.3825
79.0102
22.6227
44.8952
51.0109
23.0632
71.1881
98.4453
65.5213
27.2667
46.9016
0.300121
44.6424
97.0944
30.4664
21.5109
24.7585
80.6451
48.6371
40.7502
21.5629
54.0252
72.3024
28.3694
54.2862
75.5925
33.1977
80.1763
85.7072
1.48917
88.4943
59.3087
8.62172
92.4876
91.372
98.0757
90.0022
94.9715
93.4522
0.832427
77.7794
2.59589
58.7877
64.9781
32.8236
11.1079
12.4273
97.3915
53.3229
66.23
70.8258
6.87386
20.5956
43.343
1.11926
6.92625
34.3062
31.223
99.2743
26.9064
85.7066
35.5611
74.6768
84.4856
21.7139
96.4952
71.2193
98.2668
75.9899
19.326
35.259
19.63
83.2068
95.2595
76.737
86.1969
45.5664
33.2684
83.826
55.4309
12.0866
21.2184
49.1239
40.9655
75.9511
35.7064
77.1786
98.154
84.6162
83.4622
36.7194
5.06259
97.5562
84.2589
86.946
7.54984
3.23761
61.3932
73.568
61.5528
66.263
95.1264
26.5888
91.9386
11.8397
31.3066
87.2115
23.3644
80.8058
55.6532
94.3592
50.3703
66.6417
15.2966
97.3229
63.3767
17.865
7.41428
49.4975
78.598
46.468
88.3032
64.7369
90.3241
0.597361
69.3562
58.509
10.5361
99.032
22.9992
33.2908
68.9383
96.1421
22.6599
92.4241
87.6246
43.1745
47.0887
56.2102
83.7615
14.8309
63.9278
99.5594
63.9394
43.9518
2.83883
8.31509
53.0367
78.2002
73.6645
19.0161
26.1827
45.2245
46.0027
67.3637
17.6953
18.7831
9.64868
32.3875
17.0326
2.47341
83.0643
24.4828
14.2035
15.5442
30.3011
3.35723
40.9289
78.3124
44.3372
1.74882
28.5784
95.1397
17.1315
9.41498
27.3912
20.1364
75.3116
80.0879
58.6084
49.6995
59.0973
56.8792
18.5098
90.1657
2.44621
26.4376
78.2515
59.9702
55.6215
9.65327
92.6787
39.8391
3.99029
58.5117
41.3215
12.9533
60.8939
5.54064
84.8296
45.2064
48.5014
6.74469
22.1006
64.4365
97.5832
94.9342
73.6472
42.0854
68.5734
68.6216
23.1266
99.4775
43.5593
74.3793
33.8051
36.2916
98.9883
72.5078
83.7507
39.8035
85.1696
17.1603
94.7394
35.0897
38.4879
39.973
71.8366
83.5918
95.0874
6.39815
66.4526
17.6312
37.0958
16.84
11.3203
15.2573
39.5517
39.6475
2.79645
45.0032
9.85438
91.6018
46.6317
74.9129
72.9329
73.6307
65.6548
21.5803
5.14926
5.86985
42.1407
81.041
31.6819
88.4092
40.9108
20.1567
2.54997
6.64404
67.6397
8.10755
32.9412
36.958
79.6857
17.6485
9.27104
5.96145
28.6907
71.5986
49.3542
90.5125
40.4553
6.73763
37.5025
84.8579
36.4708
14.2611
42.17
86.8963
99.7041
53.3692
39.4566
33.2266
4.30318
85.6515
18.0693
33.3316
43.1364
32.7461
25.259
13.1565
9.05217
95.2143
27.9544
57.8159
35.301
31.6962
77.674
37.018
19.1486
1.10246
39.2274
90.6673
98.7283
70.8923
63.7953
62.1055
92.5095
88.0748
1.94523
72.0405
59.1077
5.65112
63.8778
29.6472
46.456
94.7933
55.1932
50.341
13.3336
71.3125
92.51
90.3549
63.6292
34.1969
66.3653
65.961
27.0438
64.228
42.9254
80.2213
33.2184
71.0507
65.4278
24.0655
91.9117
60.3837
38.3245
78.0125
49.5005
88.5061
39.7988
27.7938
24.2526
0.149129
39.4987
20.1997
77.2075
60.8457
77.9057
49.9392
38.4511
83.0731
12.7957
24.9665
50.3153
12.8211
97.8687
72.6869
22.3399
68.2577
44.8708
67.2059
90.9366
83.8762
21.1889
95.107
87.7892
70.907
97.0713
42.2909
83.7276
9.33193
67.3427
9.83706
69.7492
21.5951
77.783
8.07366
40.5301
20.749
8.50327
51.9183
97.8487
16.609
91.8474
30.4752
58.0889
84.3878
38.8072
0.601354
0.991982
19.8373
39.3382
19.6521
83.5258
77.9739
7.72034
29.142
27.548
62.1706
92.1171
22.5418
28.4796
8.46338
32.7797
5.20988
61.0884
54.4573
34.7904
52.6967
99.9861
85.5249
90.2963
12.8805
61.5818
83.0342
98.7831
64.5619
75.0332
75.7372
66.6644
54.0028
73.0255
77.9742
48.8647
59.3759
96.7173
7.83777
3.51691
37.2211
7.79134
78.4187
47.712
44.0652
28.1793
51.6805
36.7861
11.7891
59.8625
1.65827
46.7777
10.6508
33.8729
8.6892
20.5158
51.7779
47.6779
3.51902
85.3139
95.0614
85.2935
98.03
86.2307
82.1307
91.8624
59.8232
82.6774
53.7606
91.3139
16.7782
1.88886
85.65
84.1377
78.8187
72.9519
73.4547
58.6463
56.323
92.4233
60.5237
10.1322
61.9015
73.382
29.0964
31.8625
57.3893
64.1264
5.54217
97.9915
79.2517
63.918
32.4326
97.2679
50.5235
92.1443
56.9612
44.6347
96.4465
12.0197
98.4924
22.997
59.6996
57.0348
76.4644
41.2183
5.58848
50.6002
17.2041
52.9026
53.4517
68.2685
47.2428
33.0814
37.4515
13.7926
72.939
32.9299
66.0507
6.37436
90.7386
10.4658
9.92514
39.252
66.5669
49.5598
46.2392
21.1286
40.9503
10.7725
48.9321
11.1823
35.8599
29.0662
32.7804
25.9029
54.5207
6.96318
1.73415
13.4919
89.654
74.2323
60.3663
95.2885
91.4163
24.2351
90.2068
44.3134
56.2682
35.1137
3.66781
56.3783
34.7189
77.1722
63.0189
89.2609
86.1994
33.7612
66.3782
68.4361
40.0081
1.83921
0.4086
39.0299
99.9942
20.0065
62.8043
91.9483
85.2782
82.7842
92.3611
27.587
64.501
41.8188
99.2046
47.0746
67.5336
93.333
57.1103
43.8342
32.0046
91.5464
98.2108
27.9705
1.97772
33.6299
88.6147
11.1265
31.2077
52.4825
11.9375
76.0876
31.2653
28.8987
32.581
41.1657
26.3354
48.6418
22.6709
93.1301
4.4547
97.6475
78.2996
45.0524
21.3963
10.3098
54.499
53.6087
66.7935
8.08333
64.6777
14.5742
40.3092
91.844
42.3447
64.2315
61.5654
79.9647
44.2745
70.0247
81.9064
26.5361
5.57054
70.7487
80.0666
96.7305
99.2052
4.22377
92.3263
6.28205
38.149
12.7719
43.9161
0.860256
87.4003
88.7014
51.8495
30.5778
39.6395
40.264
22.4949
55.13
28.5895
37.1232
4.94597
81.4143
62.1299
31.0812
22.9097
43.0814
72.4517
86.2068
68.2112
57.7215
80.1968
16.709
63.7494
99.1581
90.9377
47.3889
61.0149
89.7814
71.2481
42.5573
52.7658
22.8589
89.4581
10.8785
94.9908
39.808
2.80311
44.7067
20.5917
89.0865
94.041
7.5977
13.8531
51.3994
86.7087
80.627
84.0046
91.6626
82.4535
65.6176
90.3594
27.8557
82.4242
68.3298
71.6831
78.0881
66.2261
75.0807
20.2141
56.8783
64.8609
69.7805
63.7521
80.913
78.9339
72.5377
2.71078
95.3098
13.6367
20.8915
13.0725
87.1393
88.8933
0.636953
69.5357
81.9801
65.4412
46.0128
73.3118
56.6955
44.3772
52.5681
56.5905
64.0904
59.6035
76.7201
67.8107
13.4215
25.0831
33.1355
18.3466
59.5221
77.4302
34.4325
29.5375
90.394
47.6335
57.3888
27.273
15.8957
69.6588
19.3626
13.9148
10.6696
30.2469
29.4433
0.402173
13.8155
74.3974
17.2553
65.0897
80.381
51.9084
8.85184
69.7368
86.5021
45.5355
88.9174
53.2014
32.3418
18.1126
55.9135
24.9549
37.7308
10.2343
98.6917
25.3329
41.8035
43.6678
73.2287
38.3841
29.5254
84.8811
12.6728
47.693
78.5111
99.8041
79.4468
2.72995
95.9313
33.5493
4.70208
60.5938
97.4057
69.14
67.4485
20.0812
20.8895
86.3349
86.5537
72.112
2.01681
37.4651
31.3261
49.8305
72.9183
71.4941
12.6015
80.0613
33.0787
41.3694
32.9175
61.5412
31.3907
78.3845
67.0448
53.7431
72.1635
72.9783
63.9482
63.6199
10.201
11.4723
55.608
46.6963
74.3604
9.17214
79.7065
54.5638
97.0468
20.5805
90.0786
73.5116
78.9972
39.7483
90.9103
11.4585
14.9167
21.4708
13.0492
6.93561
8.95304
59.6744
95.6944
12.0845
85.5571
82.2231
47.2035
67.2603
16.4006
76.5944
24.1591
53.736
72.2972
20.5478
58.4125
14.4478
45.7226
41.7148
39.5864
45.0943
62.4294
56.0107
78.2828
30.1238
80.6325
70.2189
34.3649
2.06047
38.7005
31.7558
13.4584
43.5461
74.6403
0.937151
99.7277
28.1523
97.0471
78.7568
97.8169
15.3952
38.7937
91.8095
50.3711
45.9743
11.8667
59.9556
84.8547
15.2019
64.0788
70.9539
8.1247
72.0681
0.338208
85.9027
98.5976
19.367
33.6438
61.4317
91.0209
2.52353
12.2266
15.5797
74.535
10.0912
11.5298
93.9078
50.0329
17.0378
85.6396
33.2181
52.7048
44.5528
31.5228
15.3639
31.4935
85.2921
40.2537
93.9083
40.9658
76.9167
36.3104
64.1263
86.9622
92.7318
41.3445
92.9628
43.7986
80.8681
35.2964
33.5551
32.5825
9.69761
72.025
0.639548
41.0386
90.143
6.2298
89.4728
45.9545
33.7377
42.2989
21.781
9.73376
24.8255
45.0722
43.1792
41.7212
44.1352
15.3164
1.01148
74.9258
95.2371
90.9234
7.42084
51.317
9.03023
3.21235
11.7749
14.9922
85.2725
24.5997
91.3314
79.0409
95.6562
34.8115
68.7059
58.756
41.6276
97.4886
0.654187
56.5303
74.3329
74.6056
27.6149
93.4955
80.7549
51.0984
41.6974
15.5717
99.3064
28.6552
26.8429
78.2877
6.0818
71.0123
62.5028
87.7147
34.4111
71.7686
44.4654
18.1075
60.0712
42.0464
1.10547
29.4531
64.0672
69.846
75.2349
44.3966
87.1064
9.60509
85.6779
30.884
47.8225
57.9654
31.1192
2.27197
54.1215
77.4589
29.4405
72.2708
55.8201
73.909
22.1565
88.109
37.9457
32.6571
64.7653
94.9003
49.751
10.8986
95.6713
92.5125
37.5982
46.4881
38.6335
95.2809
22.3191
90.2056
1.06788
66.676
93.7551
1.70243
0.221301
2.46051
60.5268
10.2098
38.8976
17.3547
60.5959
61.7123
27.3107
25.5138
3.35754
33.7991
72.1304
95.3475
10.7868
87.5531
44.9542
26.1031
75.9388
80.4905
24.1397
34.7773
73.3658
27.2478
88.9011
77.7547
29.117
14.7152
45.8298
72.9725
78.6571
71.8714
27.6278
1.64541
38.1509
53.9091
33.8904
83.6232
49.504
84.3685
91.0756
55.9288
36.6781
78.7751
31.197
56.8049
8.46635
7.31517
93.6159
52.9436
66.0969
63.7971
59.4303
99.2907
82.5324
61.493
74.0683
52.0632
72.0447
12.287
68.2534
71.7956
67.4755
66.6337
47.2822
5.7352
37.6102
62.4701
11.4298
53.367
65.4596
95.6695
95.5468
89.7174
90.6154
14.5059
37.6342
68.2165
53.3315
71.5559
82.399
0.425935
68.103
74.1202
91.8039
58.0238
2.08956
83.7174
59.7066
27.4769
31.5171
0.583972
48.1861
16.8478
37.5105
51.3301
97.5969
16.7787
86.6953
72.6935
41.0977
68.013
36.3378
29.5552
46.1059
69.034
15.199
7.59722
59.0766
48.3284
80.82
96.5847
10.3971
69.8211
47.3953
10.8252
21.887
42.4168
18.9153
10.7871
38.5778
8.35953
55.41
1.73389
99.6525
99.9193
64.2889
60.3863
72.4895
77.5778
19.7138
10.1113
22.8047
38.442
70.3861
33.7389
94.6167
80.6755
53.805
80.7646
11.7334
29.986
37.8304
73.8415
79.477
78.9713
41.5795
89.5001
68.5333
3.55716
87.3557
57.5684
7.21781
66.7592
81.5934
45.0655
79.7708
37.0536
79.1871
60.7889
1.55674
33.1554
62.8625
20.696
53.1603
0.938154
52.6519
42.0579
50.2221
83.0838
47.3636
32.7146
85.4338
96.399
37.1551
33.5468
49.9725
60.4617
55.2469
42.6485
51.3975
51.0065
3.26835
16.8171
79.9395
83.3278
64.1735
14.4751
8.66978
74.344
38.5361
87.2049
82.2775
19.4019
27.798
53.9001
4.03559
77.8711
8.02006
66.2237
44.5826
58.1921
32.7045
28.1288
2.69769
33.8866
92.2524
19.9453
84.9797
61.0439
81.1556
37.4439
5.37223
92.5795
88.3098
3.33641
96.2707
66.9123
7.69285
20.3082
11.3999
50.7111
37.2376
70.9535
47.0233
22.3956
84.7201
82.3125
33.5361
7.73298
40.5336
30.741
45.2592
41.3484
35.4436
2.87325
7.81553
54.0062
37.8012
16.6721
52.3044
68.8673
68.9503
29.1906
48.2284
81.0551
98.7387
5.19867
18.8786
60.0344
44.2552
59.682
36.1807
21.8491
43.1282
49.1532
71.2728
14.9211
9.87969
55.3714
49.104
31.018
60.0387
60.9951
43.5941
46.2056
85.6841
89.1301
93.538
13.2738
13.4873
54.4139
56.5452
60.9611
43.3521
47.4627
55.9304
83.8736
96.4495
77.6501
19.277
25.0754
89.5849
30.0736
95.7202
63.5054
89.8302
38.1017
80.2341
62.2784
18.2111
85.6526
34.2333
18.0686
16.0395
74.0623
15.5476
16.0137
39.1147
58.6972
63.7569
6.35291
36.8139
39.4404
69.358
71.6075
64.0124
74.4604
77.0685
8.13151
43.6359
64.9102
31.5026
61.2135
91.8211
96.8524
68.1406
20.639
67.0925
65.0166
67.4334
32.5904
48.6882
78.3537
77.3615
57.2591
60.909
94.6322
44.9939
19.5018
93.1868
80.1711
2.68359
0.25364
64.857
44.1608
65.1118
93.5784
12.9236
11.431
62.6631
8.58902
9.75604
81.0085
65.902
70.8066
89.7756
14.2023
59.0614
82.6031
89.973
99.489
2.18527
49.2477
97.8976
31.437
55.1641
58.5298
38.8431
68.0644
51.8282
23.3185
43.9091
60.5213
53.0345
76.2328
82.7236
2.69022
10.5253
77.642
2.14774
73.8083
22.196
49.1354
27.8635
76.9366
69.8823
98.6548
39.877
84.3805
49.3741
78.7077
56.09
93.4306
91.7214
76.7826
23.8929
72.7693
29.91
84.4472
1.94504
14.1302
52.1504
71.1819
35.6399
3.75403
25.5102
5.82523
56.4342
70.8295
14.1813
27.6101
60.8841
28.477
51.8162
15.3773
82.7685
53.982
65.7061
26.0667
82.697
81.881
21.7663
77.4672
2.372
33.9818
26.5732
28.5143
59.3101
35.4147
21.6672
67.0543
6.24411
37.0717
37.2415
97.7931
75.3461
74.138
98.1903
88.1246
34.4383
39.9437
36.7664
3.52372
58.1243
45.1134
75.197
6.73886
74.5618
28.6168
24.6469
51.0565
61.6589
8.21434
75.0949
75.9955
28.6428
19.1933
92.1151
17.6305
70.3781
27.4704
68.6398
99.0769
83.4779
60.5334
8.12721
77.9303
89.1868
36.8252
8.5778
92.4425
63.7409
84.1939
32.5415
29.8616
46.6997
26.1461
99.3832
65.6305
96.1241
89.8855
34.9136
13.6814
4.55628
54.1513
13.5796
46.6735
62.6131
83.9246
91.5018
39.8144
70.8097
91.7528
12.4459
91.8273
19.1379
32.5787
62.0542
71.9076
91.6108
25.0805
32.271
37.3945
22.2622
42.1058
49.2335
48.051
57.066
83.1063
22.3182
69.3291
81.1256
82.3874
12.8765
15.2977
42.6892
32.133
43.9943
84.5352
39.958
27.666
45.2446
29.7127
60.3608
97.929
24.7037
9.44859
53.147
65.1076
26.5564
10.0245
94.8229
28.3116
60.5706
12.0338
99.3533
35.2358
69.9995
68.2036
64.8976
53.2371
28.7235
0.0628101
29.0656
62.0681
60.1561
51.4568
65.227
99.25
55.4328
33.0808
65.701
75.4126
10.8012
15.9794
81.5206
59.356
3.53111
5.53332
32.4988
77.3328
31.1564
65.2586
78.498
97.6659
52.0239
7.08705
85.5095
34.4933
28.0923
54.7605
35.4523
60.0461
19.8256
35.8127
21.5088
29.8064
34.6575
7.65373
18.3819
35.9284
47.7513
73.9379
82.6815
31.1495
78.8518
95.8406
5.58727
8.07359
11.3282
57.2269
52.554
95.3272
21.2676
72.3947
73.0002
8.40552
25.076
44.298
68.4694
89.9134
0.151484
74.1787
97.097
22.357
96.2499
93.8243
25.5547
81.3219
23.2355
86.9347
83.8469
76.6453
97.8979
27.0555
68.524
15.4478
76.7846
9.03271
89.1545
78.3532
54.5711
16.1432
11.4677
12.4098
54.8723
49.6989
70.6508
55.1082
48.026
54.7581
9.76005
32.7824
95.3961
50.1767
99.5125
69.4123
3.19655
6.69322
53.5167
11.132
16.8507
86.3276
41.4533
45.833
83.6038
1.94051
87.8578
77.0144
43.8795
31.3734
35.5055
49.5647
77.9497
60.6282
71.1373
10.6717
60.1565
95.7761
28.4614
29.8946
82.3509
48.9656
99.1042
38.1032
42.8743
6.8381
1.80939
87.8633
88.2269
96.7684
21.0757
53.6834
60.1555
97.9203
16.2275
80.159
70.1959
78.6928
95.3777
49.5381
62.9401
98.1028
74.565
57.1491
56.039
25.2581
92.1029
6.38646
6.15689
77.0737
89.714
83.728
18.3338
27.8823
44.6302
60.7784
2.48372
98.984
86.9889
22.6036
87.1384
87.257
53.816
47.3007
36.9025
77.1218
84.8498
92.0813
67.9284
5.14224
52.2539
61.5155
95.8283
31.738
27.6985
41.0741
77.1532
95.0196
55.3945
7.92084
79.2754
68.0826
55.0205
43.798
61.7292
11.8437
50.0886
29.0501
48.4105
83.0729
36.6573
63.7938
60.337
41.7529
58.1571
72.1026
84.5067
94.4448
13.4406
7.03054
66.7066
42.5024
46.1266
4.3802
23.232
86.7364
92.3883
37.1403
61.4795
32.9639
91.9734
22.6235
13.6952
32.4972
76.1772
47.9758
3.2981
10.1041
37.2864
52.8971
71.8758
68.227
59.5023
5.36171
80.238
25.6186
10.1083
82.7802
32.6172
13.2768
38.6584
30.9512
72.7057
89.8961
63.7942
17.8873
2.88921
69.3782
32.9466
33.2609
98.0605
35.5556
85.5569
85.2249
2.68916
88.9577
21.45
83.293
62.2037
16.1397
60.0241
57.7702
70.1352
89.7962
4.92061
82.6282
59.9326
46.5773
73.8965
78.5152
60.271
97.2587
20.9767
59.8609
3.75743
40.0851
12.0073
23.1193
29.1062
82.2273
36.484
21.6535
63.6538
31.3245
41.0645
73.5969
85.1476
7.51268
1.68707
67.4368
93.5059
36.8485
91.1941
61.4413
46.0276
54.5474
17.6675
96.0088
86.935
8.35969
76.0638
93.5219
9.87549
59.901
40.1408
99.8815
57.6983
30.3733
18.5376
17.3646
22.6924
74.4725
30.7547
81.1195
77.6588
69.5412
85.6231
76.07
15.6453
90.4986
4.93
66.4403
29.6251
69.1801
56.3285
9.324
82.5325
26.3367
22.701
30.0433
30.6753
6.44708
40.876
37.1478
93.7787
57.6091
23.7151
49.029
26.0366
16.9996
22.0993
85.8174
83.8087
11.4751
45.1856
47.5476
80.9188
22.9737
30.2445
38.1779
23.1245
21.2969
35.526
22.5262
67.0574
80.7634
49.8851
1.85869
58.3277
83.8105
0.401735
64.6521
87.6678
39.4069
22.797
10.8752
38.3534
24.1921
75.1616
92.5365
21.065
91.2081
15.2392
95.4553
26.0461
71.7642
9.78564
60.6285
34.3243
9.55094
59.2934
39.0545
91.1868
66.6982
18.0182
86.2122
83.1831
99.0839
72.8895
90.181
86.6115
32.0239
13.24
90.8299
87.3455
29.8977
86.6915
55.1473
19.7454
45.3845
74.8345
82.4069
29.8808
18.4908
61.4804
52.4488
8.26936
91.0735
13.5677
16.5239
64.8268
58.2776
5.79104
98.7592
93.9639
1.18768
65.3594
92.1594
4.34345
12.8802
16.8872
92.0854
82.0433
87.4276
55.6431
4.85634
59.4642
30.1077
42.9829
79.2613
74.8801
10.6175
25.4542
18.4441
51.2891
23.4514
41.0989
35.442
44.7422
79.5225
25.7975
77.3247
80.2287
94.5087
65.9932
84.6627
83.882
32.8896
47.8949
33.6628
47.5154
65.2611
16.8147
27.1201
43.3323
79.4504
66.9877
52.8565
39.8688
85.7501
51.7851
80.3721
10.1884
65.3072
88.7261
60.0526
66.4269
13.1696
53.2052
59.7402
71.1938
22.8572
60.732
30.8308
14.7508
43.3232
56.3177
24.8986
35.8699
8.84262
84.3727
60.3035
1.93297
21.158
13.1843
59.5917
26.5351
96.2104
78.7702
21.785
40.6672
5.21201
44.0302
37.7244
92.4647
99.0772
86.7922
6.67704
58.9555
69.1662
39.4469
79.697
46.1259
18.9684
42.289
90.7889
36.2902
96.0214
63.8287
20.3264
80.4443
7.07338
88.3165
22.722
45.7789
81.3819
73.9933
20.1959
16.0432
54.582
21.6096
42.7686
6.95407
58.65
47.5981
59.4247
52.5719
96.1766
94.4835
91.6294
64.0006
43.5953
31.8817
75.5318
62.4601
20.1783
38.8163
9.34777
51.8933
96.1424
69.4674
40.4098
79.7152
70.6102
77.4846
85.9417
22.7387
97.2424
0.814441
59.3547
90.2067
25.0492
30.4214
68.7827
6.81998
0.488713
63.1665
58.9172
14.4756
79.5229
12.8548
3.4409
3.69036
87.1122
45.8297
9.15392
7.32346
2.8757
99.3908
31.124
62.8137
25.9246
38.6551
56.8215
99.3194
59.3623
25.9272
25.7699
84.5267
1.35999
35.9535
12.1392
89.5092
22.8193
59.2605
50.0773
16.5605
19.573
95.5288
39.0246
53.2404
64.5896
58.8112
15.3916
87.1632
43.8796
58.6074
46.5281
0.569887
8.61604
95.6954
64.8402
24.0222
53.6326
55.5123
11.5969
96.7236
59.5315
33.4899
15.8856
55.8367
53.3012
77.3042
35.6907
98.3914
41.5876
6.51713
60.3665
11.4402
17.6574
9.56815
41.9425
49.1336
93.397
69.8522
7.37709
72.157
85.0766
55.4362
70.3861
99.6683
5.11352
11.2563
55.206
81.1117
65.5248
22.476
20.6836
26.0687
95.3043
93.1307
14.8048
98.2851
77.2646
93.2697
21.2977
67.1147
21.4377
21.7816
32.9125
70.2286
72.2471
22.7166
84.1989
49.4206
5.62097
5.84915
65.2903
25.416
89.845
97.2448
52.1067
58.9276
77.3452
97.2609
91.2215
50.9805
27.8581
7.65093
45.0115
64.047
97.2323
93.1139
22.2115
64.4079
73.0801
94.3035
91.6603
1.85996
63.8591
39.128
87.4223
9.87266
81.4189
32.8827
62.4363
59.6665
39.3226
82.4034
67.0667
95.9927
91.0356
79.1578
66.4086
80.8362
21.1859
46.4039
76.5974
12.7965
13.5366
34.2661
53.1132
31.3334
7.13506
86.6473
20.2555
24.2124
60.5429
48.8248
78.5824
46.1446
9.83652
23.6464
70.3138
47.2713
7.51025
73.372
19.5803
93.8308
85.7347
86.5414
19.4814
40.5636
82.4837
89.0083
82.0192
77.3204
16.7322
98.5621
60.5
74.8798
57.6547
16.8126
30.7503
76.984
94.4331
57.7579
59.8641
3.43957
33.6928
24.8224
91.1495
1.84357
3.68342
74.9463
67.6158
21.5551
65.3497
52.4126
97.4009
94.5191
88.348
42.3032
26.8504
38.2018
16.0765
29.4435
43.1565
82.6679
78.9207
43.1527
90.5419
46.378
45.8133
44.1575
57.0726
92.1153
62.5135
4.15927
89.1884
12.3397
2.70403
3.30676
28.3299
63.9506
63.2345
49.0461
32.1983
84.4654
19.6397
25.3403
59.5242
50.7002
36.2557
86.8745
38.0747
22.786
59.6268
42.15
44.8455
25.8872
97.6789
92.4451
5.7191
51.6416
41.6459
14.5674
41.2894
81.1064
53.3427
10.4266
35.1859
16.1653
81.4805
45.8422
46.4536
3.43319
74.0467
27.8192
33.9554
36.3667
83.9206
58.0368
92.3501
96.5852
74.5949
62.9723
4.61097
6.98001
60.7891
4.82712
9.80367
95.8464
39.8582
23.0238
53.9719
7.99604
89.2423
16.4029
74.9369
23.0748
1.69663
99.0139
17.1705
3.70242
42.9086
45.8968
56.5197
45.6173
42.627
23.5628
32.2173
98.1929
2.57324
3.09309
58.7975
34.4512
46.5459
19.5785
91.3117
44.2431
9.9653
61.8915
67.6997
47.1068
37.5935
25.5211
84.7704
38.8713
45.2378
63.4429
47.3825
56.9044
10.8847
62.7873
56.2385
96.5874
0.203002
13.2105
20.9613
94.0216
75.6729
98.7162
74.8255
53.897
84.4693
7.00426
94.2114
27.1254
1.43069
6.84561
18.6278
20.0398
87.6491
58.9488
45.3817
91.5724
19.5512
94.6971
89.1534
93.6574
74.8179
25.2836
91.6779
54.5314
50.8044
78.7658
19.517
73.1727
84.7147
65.6207
62.8953
81.8943
97.9334
90.5913
77.7725
21.8981
44.9603
72.8902
83.8297
14.2242
96.9037
93.4119
22.5211
91.2525
36.5124
0.213871
92.5648
45.7358
77.3472
72.5999
91.9914
46.9365
59.7648
22.0176
52.8497
9.99515
61.7996
17.8695
88.947
76.6658
79.9532
37.2494
32.807
19.3225
0.442644
24.5829
92.424
35.7905
40.0258
52.113
92.756
78.4131
14.1825
19.3199
48.9819
8.00604
77.538
27.3216
62.0671
64.4145
18.0168
35.7648
54.4673
16.5892
16.0719
26.5486
68.2337
20.4369
87.8056
86.877
6.28096
1.23786
71.653
49.4372
45.5975
28.0451
20.3705
15.6779
88.4222
30.8929
99.7552
74.7664
75.3258
46.5274
82.5773
20.2112
89.5258
65.9055
20.6134
64.2518
20.2306
7.99585
92.4838
56.8842
28.3214
56.6923
79.6123
41.7807
75.5419
51.303
45.6724
66.0938
8.8234
70.9398
64.7602
22.0052
81.2716
82.016
79.1449
18.275
85.2605
66.2854
7.30676
28.5723
21.2687
99.4381
27.686
91.6559
12.7025
1.99809
45.2198
46.9145
71.7442
34.386
8.54967
34.6301
7.48296
90.6416
15.8366
85.5995
87.7946
85.3538
90.219
87.0046
89.9709
73.0288
83.1169
99.2922
90.7409
86.8023
39.0233
63.4661
35.4845
86.1503
33.1353
92.6771
29.9919
97.417
66.2911
77.5134
19.7408
4.8851
14.8131
87.043
12.5775
54.0979
25.5936
46.4453
13.7661
20.1854
21.7097
41.1695
72.7534
1.80426
87.5726
82.9906
48.3787
46.2641
71.8885
57.0376
88.1786
16.5374
72.0289
97.2342
54.5775
11.4664
53.0189
2.07866
93.4942
86.3364
97.9525
61.1275
29.9463
15.6401
14.995
74.1357
17.2416
6.17625
0.27904
85.9104
79.6509
6.82648
54.6039
88.8048
31.9411
93.9831
25.2277
23.2084
47.4736
9.35685
22.1814
61.9093
94.3613
51.8849
7.50494
71.8424
37.3331
12.1514
69.7425
40.4007
26.6204
12.2954
92.0855
96.7998
46.2827
51.7437
44.5302
2.08441
11.857
12.1809
73.9674
98.1491
99.2036
77.1578
61.3359
94.6808
94.4069
4.96843
32.545
17.7988
64.1657
93.5223
68.6925
18.03
62.0814
1.65472
83.8455
20.8976
68.4373
55.8216
91.2264
15.9426
94.3793
92.9714
91.0219
38.3516
80.2489
21.2008
94.8837
16.8317
37.1223
24.943
95.9784
38.067
31.7318
91.5016
1.45201
3.15536
8.33341
91.415
34.1676
22.9114
64.6776
36.1526
2.66093
75.7177
16.2997
18.4905
13.2219
86.2885
27.6181
10.5223
72.5552
79.6013
72.0578
80.4195
42.7192
51.1798
9.36687
39.3317
72.6237
76.9528
25.9357
71.0229
50.1299
44.1482
28.8864
90.3049
47.6867
51.4062
45.8404
69.5612
95.3841
60.9524
58.0945
57.5438
52.8486
71.4213
13.4328
17.1267
12.481
77.9777
90.3099
82.3326
33.6546
43.0702
40.1636
98.0858
47.0722
55.2925
7.22115
51.13
90.7458
35.2819
90.6425
90.4135
2.32701
15.4848
48.3848
86.5988
18.3588
34.1418
48.5823
85.8161
98.626
80.5822
22.5321
65.2762
45.6095
81.2261
54.5914
72.0171
14.986
32.888
6.95229
47.7797
39.7829
22.8266
33.7811
56.7274
20.8923
53.3545
53.0208
37.7671
24.6741
47.9774
21.2469
99.4245
51.6603
4.73338
14.4409
14.7761
87.1612
78.294
69.9363
65.8172
2.79205
18.1604
38.5475
81.1158
0.313302
53.753
94.9011
72.8411
88.7932
36.1568
90.8529
85.7074
36.7625
98.8781
71.2183
60.8163
31.6589
41.1445
53.8909
65.207
43.1779
88.8592
58.0696
11.4303
3.8215
65.9352
58.7683
41.4123
90.74
27.8651
23.4507
34.3056
49.4291
8.63216
62.6251
55.3855
61.7549
74.5089
26.8719
71.0242
71.8545
70.6229
11.7081
79.8926
79.8899
81.7665
61.6723
80.5017
7.34538
2.52574
87.7571
38.3334
62.2645
63.6265
76.7016
32.6644
76.6749
40.9235
68.8768
69.8683
25.6673
39.3366
53.0055
55.5972
86.9295
48.8474
79.586
61.3695
48.5534
42.1244
29.515
52.7565
43.9772
99.4154
50.6558
86.7478
64.4576
24.0109
54.7129
55.9012
81.8407
81.2087
63.56
46.2579
9.63698
45.6974
89.6041
21.3354
16.4515
52.6791
56.31
49.167
7.81304
0.174159
89.5942
93.366
7.15072
15.3288
72.8636
15.0336
60.0108
18.755
33.4756
65.6929
57.6876
83.0845
6.40594
92.5144
52.9435
92.8601
13.4632
53.892
46.6339
40.0707
88.3198
33.537
67.1095
60.193
3.85009
65.5301
66.3776
9.56538
68.6665
26.7805
78.9261
21.2571
41.761
28.9321
97.6257
77.1464
98.818
56.9864
70.9745
49.7836
76.122
19.595
36.9541
98.8474
50.5334
6.6579
77.3096
34.6865
75.3443
59.0655
61.6272
70.6473
17.7237
66.1611
9.60481
24.5121
52.8071
34.152
86.0794
8.69974
86.5434
54.1328
1.57388
4.13827
9.00373
82.3414
54.5079
38.149
80.078
22.3496
50.3071
20.9618
79.2339
25.1336
35.3882
6.14068
22.5003
11.4415
31.599
99.8411
73.169
14.7526
29.8385
28.108
59.428
55.2759
36.3561
90.4306
70.8018
68.2467
20.903
55.9744
31.2921
72.5799
23.0908
95.4931
66.3317
1.4103
31.5374
37.155
54.1415
72.2125
78.124
14.7329
78.4145
21.6158
93.2742
88.818
62.5032
0.300736
67.8111
95.3481
75.916
17.8924
15.7983
3.39837
66.2328
10.6835
38.5176
90.2275
83.1399
84.9552
5.7234
63.8891
18.1578
94.5871
48.4232
21.2393
6.20893
46.5349
11.3182
52.0896
74.7264
9.03733
19.304
7.69243
17.9062
81.687
90.7623
42.9821
77.5384
30.1384
11.0704
70.9385
14.0014
90.9112
68.0491
15.7391
50.1365
27.0587
26.162
39.6768
99.5678
89.6272
35.785
71.7623
92.4948
5.28994
32.1151
30.3961
33.1495
56.4299
89.4341
17.2223
21.7526
58.9466
50.4833
38.191
68.5395
51.6937
77.4311
34.2165
36.4057
72.9374
75.7825
14.4911
45.8288
18.4777
85.614
54.7125
2.27973
1.28618
93.735
72.5624
36.9913
42.9675
13.7117
34.3071
25.7861
51.9408
32.1921
40.5736
18.0983
43.2864
37.2936
51.3882
28.2918
39.7281
81.1732
81.6215
14.9787
26.4945
5.87259
45.9559
4.56052
83.0459
23.6278
27.3537
94.0003
82.8211
57.2588
60.9037
54.7722
9.80675
38.2121
32.1129
12.9864
46.274
75.7963
45.4405
68.9854
42.6433
79.9399
28.6637
32.2017
29.3089
96.3379
9.90937
95.1946
11.5006
1.85132
96.3822
84.181
80.6904
68.4864
35.6021
24.5409
36.4875
79.27
59.3161
29.0073
84.255
79.3316
47.1836
56.0889
67.9777
0.0670499
56.1998
66.5536
85.0491
88.3177
26.2175
0.840409
16.827
9.87203
0.775207
62.8878
52.1261
32.3646
69.2623
5.78015
23.1241
24.7555
50.5353
70.9684
4.73086
2.97974
56.7725
48.2746
47.7467
89.9443
39.6876
15.7999
9.03245
79.8731
70.3805
30.3063
96.9223
44.5893
60.2837
35.3917
0.00121422
6.08225
59.2399
60.1251
53.216
42.3766
47.3959
23.4881
74.4989
85.7994
63.7584
16.6451
43.9174
51.8311
31.8268
58.1058
74.3067
7.82674
23.269
91.7783
22.1429
52.7839
67.5979
7.41584
13.1115
92.6089
76.4951
19.138
11.8202
52.4929
30.9494
29.2092
40.17
69.9699
64.6706
85.4864
58.952
6.00466
38.5676
54.09
13.7133
83.5441
41.795
43.7744
94.4055
37.281
1.07221
70.807
65.1854
84.2039
85.0711
63.2515
33.414
14.0755
61.1453
38.5961
41.173
18.0208
76.0392
60.7677
4.05979
28.4168
71.6422
36.1388
70.4119
31.7961
2.09512
55.0185
94.7195
39.7956
14.4433
51.3276
49.1787
33.4933
37.1101
15.9739
17.6806
32.0879
27.4937
90.3922
38.2869
36.1978
17.9174
83.3889
35.0357
82.3292
74.7286
0.793926
62.347
48.2769
12.8116
22.2022
57.3183
31.7824
3.26574
11.3157
56.1129
57.8832
81.2199
72.8157
52.7323
58.4596
62.9696
83.432
32.1467
18.3667
6.50896
87.4067
39.3747
5.84085
2.84305
93.2079
86.7065
79.0165
12.6884
20.157
85.2173
38.4032
83.6849
97.7889
30.5535
37.6509
69.0616
98.0462
99.3633
39.4906
21.3222
34.7609
86.0686
95.0927
7.11996
72.5022
87.989
43.6026
51.9799
40.4788
42.7906
83.813
50.6842
85.423
30.2807
57.3712
34.7714
52.6004
53.3642
61.5704
76.208
36.8023
30.2843
26.1846
79.1595
64.4102
71.7897
76.5624
44.5707
20.4827
6.34705
2.56989
70.5342
65.5521
56.8062
25.8606
40.7359
15.1235
4.35554
15.9345
41.1923
11.7196
40.9425
97.6802
94.9878
39.5202
89.8868
92.1268
80.4912
12.3081
83.5273
24.0545
74.5965
25.4824
20.6918
8.82772
20.2485
35.2906
59.5484
8.38798
55.0392
0.432302
31.2346
65.303
6.12696
64.4575
26.5244
63.0445
43.0106
0.196704
47.9231
74.7904
74.5705
30.6718
75.6508
15.4142
13.6476
55.3263
56.1948
10.9245
44.1
93.9898
32.425
7.87351
70.6521
5.88409
75.572
20.8321
96.7108
19.6902
73.391
83.4752
94.7581
95.0321
50.919
82.9755
72.6829
79.2991
25.9099
68.913
23.7111
48.2176
97.3868
35.2229
68.6614
99.1477
4.79829
69.7974
51.8889
88.9505
97.4561
25.9446
71.5693
91.9078
70.8382
66.8474
69.3128
88.3666
44.5418
17.5556
99.2729
1.23616
3.22133
60.1552
75.942
58.3758
88.0061
98.4518
78.0905
9.03737
2.53666
21.0667
50.838
78.778
35.2706
94.1881
12.8176
1.52627
35.1873
66.0115
51.4267
68.5837
94.0146
35.9492
18.4218
88.6398
12.7956
57.7772
97.2131
53.6998
7.74496
36.977
58.2402
76.8299
9.62854
88.756
39.9402
89.7786
59.1291
4.85755
10.4336
97.3046
15.3702
26.3954
42.1008
59.7994
60.3839
16.9459
8.79325
18.7851
63.5489
92.9755
8.29238
13.482
9.12633
60.7373
16.952
83.7279
59.7145
72.6795
73.0066
51.112
31.5304
84.5841
0.468836
60.0923
43.1147
92.6102
38.4819
70.1755
89.7894
94.3683
72.8022
31.9145
48.0764
2.18512
25.5574
30.0508
83.2424
77.6989
61.2378
67.4426
81.4027
77.2861
67.3606
75.0807
97.0822
24.5277
49.2623
75.3667
71.381
60.0834
11.3263
27.089
19.8554
27.0434
38.1554
51.0935
88.5362
91.1027
62.7213
4.64109
60.8184
94.8649
98.4645
59.9299
18.3198
3.11379
7.69036
85.4125
80.9478
87.3302
90.4126
47.5577
21.1211
27.4071
89.7294
72.4658
45.019
62.9884
29.8419
27.7404
47.6917
35.5163
22.8097
67.7603
83.1175
23.805
45.2572
14.3542
66.3285
63.1779
39.1578
21.5394
61.57
51.7201
22.3973
30.8497
48.3916
62.15
70.2111
87.8915
4.74115
28.0701
66.3228
3.76078
62.6416
25.8683
3.89611
63.7003
8.57033
6.12774
82.2326
65.8895
51.0744
78.285
33.4299
63.6546
9.60248
71.2017
3.06522
5.53525
34.9806
84.7495
86.8051
96.9344
29.1054
95.9551
11.4852
28.7507
59.7089
81.961
59.8674
10.3874
71.5529
16.4711
67.1572
57.6786
62.347
96.2276
47.5319
66.2086
28.6797
82.3801
89.6187
67.5023
36.1042
21.1076
78.6794
96.0694
86.2971
26.9111
98.002
98.7821
57.8501
22.1725
45.4738
35.9787
95.986
98.7772
48.82
56.5067
84.3987
45.341
35.9262
6.02612
23.7825
85.2195
64.6917
19.1539
9.51814
59.5248
78.9111
76.8365
59.6706
73.6718
41.4247
69.8438
18.4501
7.86874
85.5268
75.3567
77.7983
6.8908
8.73275
87.544
92.1791
73.1965
2.66196
71.6819
48.9802
40.4535
84.4688
41.5284
61.362
71.8229
2.06153
67.0132
25.2683
17.204
14.3139
59.8944
79.8796
11.4049
75.8319
10.7366
0.111106
63.6166
66.9951
90.5632
14.5888
80.649
48.8791
21.2556
57.5382
62.4352
84.9493
89.1532
97.4856
44.1423
58.9684
44.8978
55.581
20.0776
18.9189
54.3624
85.5539
64.0854
73.1741
50.5106
26.1143
66.1906
9.69015
27.2905
58.0958
93.7988
36.2805
17.9564
14.2686
3.89362
60.2014
19.2102
12.7349
47.3367
4.152
35.3866
70.6319
42.8171
13.8361
55.6132
86.3505
9.47325
59.5574
23.3627
10.7331
55.2631
38.9412
5.29129
33.9653
72.7078
96.9832
7.22954
80.2045
95.7075
5.55431
64.8321
78.9501
23.488
92.4398
70.0813
50.3022
21.4931
31.3574
54.6326
12.5428
72.8669
81.4095
52.5973
42.9609
13.8399
15.4681
19.907
82.0015
29.03
63.6058
43.7641
31.2484
2.07087
61.5876
76.1917
43.4567
59.9063
53.3202
34.3048
95.6449
4.33609
62.4644
79.8613
59.2306
97.3024
45.0805
9.45719
13.8297
34.6748
96.7923
63.7454
11.1894
43.5285
18.5476
95.3387
79.1586
64.3908
30.7352
50.1525
7.63557
1.96566
52.3896
15.9665
5.2675
49.8547
76.5875
36.3551
32.2919
1.82467
94.7023
14.6167
98.1046
78.4481
85.9553
63.602
11.593
79.1492
4.60856
57.6793
80.1739
89.5555
49.3244
39.8848
53.9661
41.4846
50.9081
83.0131
91.0615
57.4353
9.04622
60.6026
17.1379
4.03729
94.2082
85.837
97.1592
13.138
15.2234
62.6013
70.725
33.2239
50.6258
19.774
71.7185
4.56649
21.492
11.2955
26.6832
26.9524
34.1205
7.34221
13.2754
7.83925
12.5986
52.2659
13.7474
80.4794
46.8882
87.2222
93.9548
52.3971
6.62748
1.09562
96.2624
27.0246
32.1867
18.6984
34.2674
7.91933
77.9165
96.8352
5.07387
52.1683
95.1589
42.1896
78.513
1.82964
75.1632
38.9889
79.5378
87.8675
16.2843
5.84561
79.2617
30.0623
65.8268
9.14334
13.2837
93.4271
28.5409
7.15962
59.6892
64.5793
7.91055
19.8221
80.0755
70.3529
3.02943
62.0217
95.6507
89.044
23.9801
66.4535
50.499
46.9854
38.5284
3.9507
26.6475
26.2998
18.7029
65.0963
99.5484
39.7425
2.37471
26.1908
55.0682
50.8045
50.3583
87.1548
36.8803
0.662396
13.4801
7.71235
68.1557
23.3337
20.285
65.4854
81.169
81.3571
69.5309
53.7267
8.66035
78.637
13.1471
0.67641
33.8047
36.0077
45.7185
96.6764
19.3804
20.6713
29.418
91.9456
17.0623
57.6828
72.8285
2.65144
9.37209
11.8034
17.9086
41.5973
49.7189
65.1914
26.8872
99.5545
46.5466
48.4493
34.6374
18.8216
44.3553
98.7606
44.0608
25.8568
45.4401
70.0396
46.6288
13.5948
56.0909
52.916
78.0741
50.8095
73.6368
75.9762
39.8207
67.9291
51.4659
60.912
14.2819
60.7748
34.0322
43.8571
24.3352
84.9071
86.319
10.706
15.4608
13.9554
36.9626
61.2057
58.3203
90.6043
57.5121
75.2629
86.6964
95.4081
78.1428
30.0518
74.7911
78.8007
54.1074
22.838
76.0269
72.7749
78.8555
15.1345
38.2795
3.37223
8.79316
24.1773
33.4661
72.6379
55.5694
32.9169
0.671617
54.146
50.7945
51.8968
10.2747
62.0041
36.9934
66.9939
17.9338
63.8021
92.3146
2.90334
28.2572
69.7854
72.6918
96.3043
45.3454
50.7827
68.4804
97.1973
67.5745
37.9051
47.7221
94.8747
32.3589
26.8087
80.4195
34.4047
88.8847
78.4697
5.75011
67.3136
5.70298
54.5257
73.4111
18.9515
82.6704
31.3631
43.7415
97.7972
4.99429
11.9939
64.3051
1.53602
58.3156
18.6726
58.4207
88.5692
7.26221
83.2414
98.7955
5.3507
33.3954
13.4721
61.9208
65.3987
72.4705
29.0552
60.2918
73.8571
53.3357
11.1004
75.9521
12.7711
28.7093
2.08843
43.9656
9.05456
44.3447
45.406
86.9061
65.6697
12.2071
52.7056
78.276
80.1949
3.24266
91.7519
7.43094
34.0119
71.8544
26.8678
32.2901
97.2998
1.3777
27.306
34.2787
82.7951
85.6645
56.0503
31.5686
37.5849
21.8133
39.3146
91.6551
90.7693
53.4708
96.2154
1.24461
83.8393
56.843
4.04708
82.3938
12.9917
69.9224
12.7973
17.9571
98.6167
3.20455
74.4434
84.8759
99.6336
89.7841
60.0236
66.8455
97.6965
12.9589
86.0172
86.156
14.9543
70.9215
46.3986
16.6944
8.37216
43.6549
0.387146
27.5882
20.8011
33.6
77.6261
70.2728
19.1447
28.4609
84.4414
38.4086
78.2972
98.7247
42.4251
98.5619
37.5447
29.3336
31.5005
54.5435
63.5494
24.4189
23.8295
67.2979
29.1792
25.2289
19.0233
80.7271
64.2861
58.7688
5.90293
99.6698
57.8835
66.3723
45.0647
48.7434
99.2753
68.7587
46.5485
69.3061
88.683
96.7922
69.0388
12.2484
54.2881
4.36423
60.4172
33.6721
37.0925
16.2323
59.3883
27.5218
23.6796
38.3218
46.4512
35.8282
47.3982
22.1747
95.9583
42.9146
41.2581
29.5306
43.1105
93.2562
59.7972
94.6356
29.6714
59.3862
41.8496
80.0647
73.417
41.0134
18.6442
18.46
62.7095
72.8211
70.7166
79.9321
54.2066
8.67402
48.7583
42.1148
50.1731
34.7618
74.3495
37.5205
42.2051
95.4551
79.3253
47.2855
50.1248
36.8324
54.0017
39.6462
42.8474
36.1925
96.5695
18.8605
78.8819
88.497
70.9706
80.942
66.0246
21.5059
21.0808
37.3029
35.9053
53.9959
87.304
13.1442
86.354
12.3422
61.5703
41.149
46.1125
55.0758
84.2044
3.28395
6.90032
52.3714
47.8177
58.6345
76.0138
92.9129
32.3678
54.06
44.314
12.5332
48.1866
50.9774
2.14319
64.9848
35.0281
10.6031
53.688
21.4229
66.9259
49.753
88.7794
39.1652
46.6301
17.1912
10.2503
45.6621
92.8225
97.4604
0.576812
27.9139
11.886
68.9612
4.60417
92.1514
86.3914
84.9254
46.2701
41.985
32.223
55.9838
5.7388
57.6048
62.2735
6.4973
18.977
12.7327
73.1983
50.5955
19.2129
50.3135
80.4521
49.1104
40.0012
69.7246
4.80873
26.2979
76.1878
12.4419
42.4322
45.3183
91.7166
60.0985
17.0829
93.3424
61.0442
53.4277
1.85967
65.8783
27.9003
29.2952
98.8179
56.1232
4.25901
53.3448
43.3659
48.6413
55.0945
18.0017
95.2679
10.9209
41.9675
77.8569
57.0041
77.3634
40.3926
92.2868
52.3556
56.7501
24.8518
71.1321
13.2336
17.1539
36.3915
57.3335
65.5841
92.3064
87.0505
62.0944
74.092
39.3377
84.6849
58.3892
77.0266
3.08861
83.4858
53.0301
50.6972
47.7656
5.79799
26.2273
21.3921
2.22946
24.208
22.5267
6.81902
84.687
86.274
75.2219
24.7327
23.9222
18.5244
91.9927
43.0885
14.9677
5.84143
29.7622
54.782
88.0993
23.8252
11.8813
91.2322
74.0869
42.9075
12.5304
0.353425
36.1132
57.8602
29.5447
70.4629
84.122
1.01368
50.753
12.9858
86.4877
87.8662
95.2443
17.7588
12.101
67.6424
40.1968
1.09396
35.7072
94.0014
96.5688
72.2607
19.1243
65.5279
93.1032
11.7577
56.4105
92.0991
5.62417
34.514
61.4322
72.9894
19.2318
96.9909
47.0473
79.5738
25.0538
11.8445
23.8808
63.8356
24.3876
3.27031
58.8076
43.4682
66.9129
55.873
25.0419
10.8405
70.5101
63.0248
46.7563
67.4396
72.4366
61.4004
11.3331
52.1306
63.0688
28.781
6.80037
65.9072
9.32127
30.0284
53.2427
37.294
94.682
21.1887
81.6187
39.1199
24.4562
29.2351
40.1397
50.3082
21.9065
60.5074
83.8642
17.8841
38.1039
14.1758
88.693
34.3166
8.33038
87.2092
21.2175
35.9289
5.70955
75.0123
2.59881
95.8418
75.945
0.383121
62.7021
93.1843
31.7215
49.3897
2.4614
72.1642
47.0401
73.4953
56.3799
86.8299
99.9196
91.8123
78.0005
43.7055
4.08107
90.7513
97.8509
17.7831
62.3609
61.6125
23.1191
88.9981
66.7459
51.2818
11.5752
25.8807
18.3435
2.49323
16.5957
56.9545
51.7084
45.9895
71.0352
45.4748
93.9666
21.311
13.277
86.2937
19.8286
88.9614
3.03992
50.6956
63.4466
59.9389
6.99819
14.8544
89.559
95.3435
9.13692
92.5989
57.2819
21.1191
10.1326
11.3261
85.091
90.988
76.6025
37.2326
15.1528
51.0173
79.4363
18.4053
44.1294
17.1153
83.4274
48.0414
49.3498
70.9881
11.1035
92.8708
64.922
67.9607
50.1876
77.8456
46.5004
13.2914
81.0292
66.0616
64.2564
56.9362
79.7544
26.0762
36.3603
9.86494
0.944365
31.8453
78.9192
53.2121
65.6823
71.4895
61.4221
30.5297
5.59753
64.8717
30.0576
16.095
66.3337
60.2572
11.5939
98.0962
53.2924
10.4235
16.1571
95.7285
61.4702
85.445
72.1562
67.929
90.0368
4.89513
41.6233
60.8886
58.0912
81.5023
92.8081
83.0551
81.3034
76.486
94.6605
58.2635
15.5254
42.839
67.2255
81.4709
53.2397
15.9324
45.1253
96.0114
5.85307
57.4391
61.0118
68.0376
67.3974
27.1471
35.7089
93.0247
54.7937
67.6023
16.2934
66.8422
40.1946
73.8497
22.2523
6.29977
19.5724
67.0749
0.698736
21.1801
40.3098
73.3423
77.9724
93.4704
92.6946
88.0956
99.5849
4.17376
29.5573
19.7578
60.5228
4.25041
87.7158
62.3943
52.8972
41.4489
32.5644
2.87153
21.2777
71.1094
5.28935
35.6385
40.3266
41.8317
60.0622
71.7141
84.5224
24.5501
20.9218
8.95986
95.944
45.5379
47.8852
44.3889
8.21849
15.3097
78.0549
63.4828
82.6595
44.7978
23.8354
95.3336
66.7426
82.6958
24.8213
35.1879
67.7644
48.3879
27.8393
96.5007
62.3556
65.9758
93.0145
8.68635
2.97814
3.11726
75.3878
45.5611
1.00397
76.0927
5.07434
7.46886
63.0753
4.45941
30.1175
16.4346
98.251
50.129
76.2521
64.1849
73.6616
59.2048
61.9001
2.59054
37.6787
1.77354
64.9259
44.3748
48.5068
23.7368
55.6961
76.0126
64.4377
12.2483
7.23896
42.5797
4.69157
70.739
69.9385
65.0314
18.0223
29.9035
51.6092
1.82634
89.0481
29.4729
11.8692
38.6167
44.4881
12.8343
99.9528
21.0625
94.2195
49.9402
79.3023
12.6355
37.9876
78.0304
24.7118
53.5716
54.7104
9.26425
37.5548
66.7906
8.24766
62.7655
26.7218
8.34432
9.33426
7.0034
76.071
9.85325
47.3782
39.5442
69.5489
56.3451
11.6468
86.5955
51.167
5.7613
66.8258
63.1605
14.1362
65.8917
82.5952
22.7538
6.24269
26.0316
94.7989
54.0855
52.6451
96.1157
97.7649
8.73696
50.0086
73.5986
84.92
19.0443
27.2725
90.1398
61.6248
39.0451
43.8073
28.0958
11.4424
19.0481
74.6133
61.5601
11.708
47.4303
9.21221
14.4681
86.1772
93.4493
20.8681
39.0864
68.7614
27.5529
7.90965
14.1409
35.1356
37.5432
44.9915
54.6509
69.8016
73.1477
50.3089
39.7788
90.1342
97.0709
92.6011
17.5678
71.223
8.58322
85.4891
30.2674
23.9603
57.7795
53.9504
53.1206
87.5474
91.0999
49.5158
93.1305
57.9196
48.6123
51.3544
85.63
23.1892
90.6724
17.9378
34.1542
74.9276
50.9261
99.493
58.0944
25.4643
67.334
29.1079
82.2555
7.42893
96.3284
67.0589
64.099
9.08832
63.3013
39.833
99.2119
89.5852
77.2241
3.70859
26.5046
31.4517
99.0647
97.9291
99.548
69.04
27.8409
41.1062
93.783
27.4156
66.5917
35.2039
98.8055
8.06123
1.3964
33.4063
70.0652
73.0462
6.56508
94.8793
55.6439
34.5159
21.9035
4.16536
64.8373
70.5766
94.4009
96.9902
89.0562
66.5885
27.8238
65.8852
46.8532
21.7092
97.5896
2.12057
31.4964
99.7272
81.4657
17.9903
57.6032
3.26992
98.633
75.2181
31.8982
1.04028
85.4159
75.8361
8.69009
3.89302
61.3672
56.1686
62.7241
74.8707
17.3073
43.7477
61.5991
38.6384
30.6167
83.4339
34.0328
3.6633
73.7289
50.4589
83.9948
29.3423
21.4068
6.60578
85.8815
80.9663
53.9395
20.0778
73.4119
17.0545
84.7348
69.8793
30.4931
33.6045
12.3003
14.4988
14.2065
65.4819
21.1032
61.6509
50.883
43.79
81.5652
61.0357
16.5114
53.192
79.9811
60.1462
94.9658
22.2097
43.2635
85.2165
38.7039
59.5761
68.2415
14.8999
92.2932
3.7159
5.72414
23.8881
10.9714
51.6727
32.5341
86.9928
9.22928
10.609
12.1711
9.46523
71.3797
6.08606
38.1338
38.7821
30.8957
67.7958
25.7871
76.6891
63.4317
0.7603
10.8453
55.7831
46.3434
99.2742
20.3227
27.5001
72.2396
87.8619
66.6142
64.7306
6.04107
13.212
90.8284
45.2259
76.283
82.4655
13.0435
68.2749
60.5118
46.4346
87.441
15.874
44.4269
82.137
67.8188
86.6008
39.0115
16.236
31.9298
49.1588
76.1409
45.0019
95.5158
14.3739
44.7527
67.4943
69.1309
48.6855
11.3322
37.322
69.5491
11.2473
48.7917
1.45955
7.65429
51.6811
78.3185
90.7758
92.9965
43.455
78.4958
80.675
80.4771
90.5765
4.06179
63.4318
90.2907
77.4974
82.7392
88.4178
82.9715
28.8483
82.2285
7.63843
91.6815
16.7624
94.7288
53.8761
79.8809
4.66238
68.3055
42.2643
86.22
34.7605
24.8868
14.5973
2.36411
57.0714
57.5801
9.90531
69.0949
91.4119
83.7277
49.1187
63.0857
12.215
50.2785
21.6715
64.0823
54.155
62.961
31.8398
33.0684
36.4533
34.1134
33.9266
98.3603
61.7209
78.2453
99.8979
65.84
81.0233
15.2738
74.0899
79.1424
55.0528
96.6769
48.8906
50.9909
22.4321
97.1515
42.9588
38.866
4.06598
3.73524
33.2522
62.338
97.2276
80.8748
25.315
18.0783
55.7209
97.5973
63.4365
35.749
85.347
41.9281
34.1551
94.9629
47.4435
19.5511
38.108
28.6581
70.614
54.2926
82.2324
79.7437
28.7991
98.582
25.4839
6.35137
81.0007
56.229
57.842
1.90367
97.9857
0.950735
77.2622
93.0782
26.313
14.133
98.941
46.8601
43.6899
23.9829
39.2206
60.4611
6.07679
59.0394
19.91
90.9375
47.7456
49.0196
18.2869
82.1398
2.27011
69.5385
63.0649
49.808
96.8439
94.1403
78.075
48.6217
53.4427
73.5756
98.3359
61.5995
18.9577
2.02565
62.6997
38.2325
94.6842
69.3537
92.2949
99.5185
50.2346
32.9186
30.8187
16.4939
11.9456
46.0034
42.4771
77.133
32.7705
65.4824
87.9426
48.6101
85.2334
90.6427
80.4977
74.3698
63.4319
1.13399
31.8288
18.5905
68.1336
17.1858
32.7711
63.4738
71.2354
1.98406
72.5496
57.8212
90.3928
95.2512
43.1347
21.7465
30.6862
89.6105
12.7386
73.0086
59.3153
52.3206
86.1752
33.4915
94.4772
43.6659
69.1932
4.22514
32.927
84.9724
42.2469
56.5513
77.9232
59.3064
92.702
60.214
52.2472
81.6637
15.6498
72.2282
39.1181
29.8174
87.2989
52.7677
76.4479
53.7591
48.7708
19.2732
40.166
85.3583
61.0695
3.13511
54.5689
83.4383
33.4821
75.9832
47.8757
50.8978
46.2808
94.6375
15.6975
1.60617
91.1424
94.9735
45.4551
24.6217
95.741
47.2335
96.7878
10.2902
63.3946
93.3111
42.5894
63.8386
26.2439
96.123
47.3285
65.4222
39.7535
35.7476
76.717
9.59766
3.12839
97.0774
65.6195
93.107
56.9397
62.2387
49.4824
52.3511
31.273
67.6194
0.561468
27.4227
7.45794
15.6916
29.7653
17.6417
20.397
30.1118
93.6808
30.712
83.2811
9.27488
67.9383
7.3837
69.9216
36.5206
63.7954
41.6563
36.6593
19.8735
65.7604
82.5627
95.3521
19.3756
98.8016
39.7681
74.9111
52.4682
79.3904
63.5808
3.8101
10.35
96.8783
79.5919
79.6831
50.2331
54.7757
25.1791
26.4622
22.1527
58.4297
73.6418
93.2027
41.0356
4.44364
50.0602
64.3362
51.7833
70.0003
39.101
19.3425
56.1157
30.1542
5.46932
88.7632
87.5468
12.5263
4.69493
95.2001
64.2134
89.8016
20.0472
14.3529
84.3651
96.0324
38.1774
13.3263
45.369
54.1982
53.8746
36.3441
16.7764
71.6194
15.425
22.7687
95.6937
64.4457
73.7671
43.891
10.1985
89.4766
43.6723
23.3012
75.0402
17.1979
48.2204
18.6479
75.727
21.4035
7.61327
91.0511
69.2757
22.7635
79.6287
47.8547
74.3781
93.9048
37.858
51.8146
86.6424
29.8398
11.4751
26.7325
77.4083
58.7805
22.2355
98.6693
91.6454
49.7524
52.8092
41.8092
72.9107
65.8081
31.1771
98.6659
72.3985
38.9259
98.1767
70.8203
69.5917
82.0116
56.6671
6.22223
50.3469
74.0653
70.7518
22.615
85.8753
70.9905
55.5749
2.10704
52.5614
71.6975
14.2129
81.2497
65.5787
57.407
34.2245
63.9578
8.25242
47.0168
14.1608
65.7557
38.9314
94.85
96.4399
85.1289
28.7886
8.05824
1.50138
54.1626
78.3119
5.96617
84.8407
63.6501
86.527
47.3495
25.7843
1.86053
2.93734
67
1.53903
8.72784
80.7952
22.0482
5.11953
19.5702
63.0561
40.1953
90.9401
50.4181
43.758
55.4114
52.1936
29.3668
52.5089
68.7646
81.6383
49.1053
32.0953
10.3182
58.764
3.39729
60.3699
93.9872
91.3625
92.949
12.2568
50.4238
69.0624
97.0969
75.6894
52.941
78.6779
21.5205
35.5472
9.62242
23.8065
69.2736
13.1375
83.3215
52.1264
41.2089
61.1891
10.4155
94.367
53.2955
47.5817
70.1226
52.0154
41.6913
11.7535
64.2146
93.9848
68.6669
76.6071
20.0609
93.1771
7.98213
95.0976
59.3946
68.1403
29.9693
15.1295
31.714
83.3901
41.2906
83.9205
94.9597
35.7666
94.0603
5.20097
30.6069
58.2233
61.39
92.9714
90.2667
51.3909
60.5158
87.905
35.0739
76.677
31.4325
73.1969
97.7295
80.7692
60.6772
3.47749
12.3148
73.0081
89.3593
33.7191
81.235
19.1859
23.8319
35.7713
66.1579
93.033
10.7183
29.8927
24.6507
80.5386
37.6065
9.87081
60.9424
65.7599
41.6802
64.2519
2.4687
68.9139
91.206
65.7916
60.5451
89.939
4.42738
5.39108
90.4123
6.69104
99.8711
89.599
89.9623
71.9042
57.3991
62.2548
29.6923
67.0565
11.5625
30.1764
52.5452
16.8245
57.5724
18.9862
18.9331
95.5642
59.667
16.6362
18.4974
91.1715
81.6897
55.2344
21.1508
99.3154
6.69394
18.07
13.3244
54.5637
33.1495
71.0292
54.4399
42.303
16.4252
46.0682
5.65939
15.8128
94.3123
6.64437
38.8061
99.0682
82.3608
8.05524
71.3854
5.63424
62.1887
15.032
94.2103
0.426483
96.8862
83.3436
59.2488
45.3334
97.2645
85.3552
43.9154
23.7405
84.1602
32.5755
7.66845
10.336
77.8545
64.6825
51.0261
16.1685
10.7573
23.2481
27.1677
61.7671
77.5807
6.70639
52.517
10.1042
33.0234
89.1428
31.2708
74.2687
9.73855
99.3693
54.6688
38.6651
32.8142
25.7785
49.8393
55.7782
47.7128
32.0809
69.7963
29.5343
77.0757
30.0416
52.0201
59.5535
77.6323
51.5983
73.593
76.0505
59.746
73.2224
68.281
39.5551
74.3819
25.4941
83.2237
39.6401
78.6241
64.9816
38.7829
23.9947
18.2773
53.108
46.2165
83.656
99.4467
62.5046
82.1041
66.1657
89.0909
55.1853
57.3899
29.0546
20.3726
82.4346
27.118
48.9556
38.155
42.0263
3.55451
43.8849
75.4406
90.6217
31.9563
91.9783
80.1032
93.3439
66.088
55.8187
42.8496
53.1047
61.0751
53.1347
98.8517
27.5553
7.58095
52.5841
6.57555
98.8294
76.3277
47.0845
96.1215
75.3006
80.1825
54.6044
87.2915
52.0401
84.7085
67.3612
1.80484
96.7011
15.7885
51.0187
88.0923
34.4751
98.7164
81.9985
80.5556
56.2954
83.4234
70.2673
67.9829
58.7148
98.67
93.768
10.6819
32.5513
29.4844
35.3246
78.491
75.0372
41.6337
33.561
99.6777
33.3323
13.0676
91.1058
14.4987
1.38434
65.5934
67.7944
81.5984
16.5672
99.0813
46.043
75.2812
86.155
21.6264
20.2309
60.0751
10.4335
70.0681
63.3956
37.3785
12.9566
46.8017
95.4173
75.2726
47.7619
33.3564
97.8661
16.2713
13.8192
88.7193
87.163
92.2267
81.8113
91.9608
35.2152
58.0377
68.6648
64.4784
52.2233
97.6337
76.8358
95.9046
57.6892
53.8018
49.1873
82.2239
22.5508
64.6333
61.5356
67.613
53.0311
33.3411
21.7479
38.823
74.0349
23.32
97.4456
95.4748
37.2962
14.0225
72.6308
62.5749
52.336
67.3308
9.18194
87.7942
16.763
64.5682
74.5042
55.1277
73.2822
21.7441
18.6935
20.9463
65.4734
18.7284
0.0870399
26.133
25.3182
63.4174
86.7702
38.7856
51.6152
69.683
50.8422
63.8054
71.0976
4.62945
76.8964
41.0446
84.7788
22.998
23.376
10.2136
8.87126
68.6223
15.6763
71.6593
56.8732
48.1684
15.4819
76.0231
53.9373
15.7996
40.3541
43.6281
29.9412
91.2749
52.0115
21.1914
8.94495
45.4779
7.16648
12.5504
68.0848
36.8072
80.5334
81.6521
28.8172
29.7663
55.2335
57.3136
5.73635
62.7722
54.0367
84.0125
55.9845
92.2979
13.8588
10.2702
59.337
72.8058
55.7318
12.1951
78.2094
69.4081
60.7016
11.7261
42.7217
40.9072
31.7042
19.9695
44.8573
3.5686
75.7465
24.2844
24.9147
41.076
74.0864
64.658
53.2153
35.254
7.42535
98.4999
67.3856
72.0515
2.44629
12.8675
83.2631
8.4607
56.4895
69.9954
2.61541
11.7126
47.2986
8.73532
98.2349
5.673
83.0316
10.0628
50.8261
7.61796
18.6249
36.8773
56.5044
42.5853
48.8423
63.0959
60.1612
72.9967
96.0157
89.0834
3.94693
75.8429
36.7282
1.54593
89.3697
88.3692
94.1366
59.7423
23.1887
29.8364
56.2727
54.8247
56.5255
95.7057
31.6111
30.5705
73.2419
91.7124
98.616
10.9344
12.9175
31.1147
35.9597
81.642
69.2282
41.4361
79.6854
23.5838
93.7067
59.8212
36.4198
45.045
0.742543
8.2616
86.8604
14.4702
81.8823
34.8998
21.7162
17.9222
12.8093
21.5435
31.6246
15.1766
46.6922
46.3845
19.7766
6.37897
95.1729
73.501
22.5997
47.5655
46.6063
43.7486
51.7112
34.101
56.7873
25.5002
44.7973
39.1972
77.8868
44.2517
7.57214
11.8325
38.3273
93.4949
52.5756
97.1682
7.04003
60.5181
60.2174
56.3282
39.422
37.7834
5.98486
46.8507
82.7071
88.3702
22.6434
86.1637
40.6829
71.2282
30.1847
41.6717
20.9668
63.2262
98.9671
99.1241
44.1736
49.6996
66.1471
50.6375
76.7274
57.29
51.3668
82.9261
4.17793
40.2793
83.4731
50.6037
96.2809
51.7392
40.4852
3.59874
70.464
5.37796
43.062
95.522
80.8171
84.0344
57.2144
87.6309
41.0636
43.7009
69.0538
35.2554
12.6123
0.373475
50.6816
75.2368
86.4982
3.39333
26.2965
80.255
20.7171
82.4222
6.05725
90.7839
84.1975
10.3809
61.433
93.9471
59.3481
30.4316
25.0115
95.1426
69.91
12.2859
22.3976
93.4217
28.5884
89.3935
16.2064
83.7877
30.6832
86.5176
14.0169
26.8298
7.95258
38.4762
36.866
77.7016
11.5811
43.367
66.276
34.6997
30.5012
21.3795
8.19545
91.2717
8.81963
53.6274
55.3117
87.3671
46.9721
63.2236
66.5959
45.8733
93.4346
16.988
24.4285
70.2086
6.05451
59.8797
76.558
40.1385
72.0966
54.853
80.6612
14.6416
85.2544
29.7358
1.26378
43.3528
71.58
87.9984
65.6043
56.0525
10.6167
52.8154
3.93928
6.53821
72.646
47.5769
25.6675
56.0086
68.1554
47.2485
26.4841
54.3761
37.4878
31.781
43.1284
14.8331
37.3878
98.9021
11.4901
97.2172
14.2478
0.747418
55.9407
51.1247
16.7867
86.0793
2.24208
51.7424
58.6571
9.54729
15.3564
52.1095
7.60965
64.5248
68.7359
99.1335
30.7515
7.66292
59.9331
39.021
84.3403
2.52604
28.7782
81.5283
50.2155
68.5093
67.9049
91.5111
74.9793
10.3938
32.5528
82.2869
26.5672
62.8654
48.6129
61.864
86.998
18.9476
20.6709
99.8832
16.4389
39.608
1.43267
17.6075
57.8942
74.7075
98.7159
46.2434
58.8182
50.5594
53.3508
46.3984
33.086
0.0740476
57.7537
69.5448
8.36562
24.7157
85.7969
68.0245
97.9268
2.90571
62.3163
54.9398
62.3601
63.8513
91.1609
27.3813
45.4856
16.673
16.4867
59.9805
32.0894
14.8561
34.7347
85.4056
48.9554
79.1579
14.658
31.9855
87.2952
36.4282
19.9039
79.7797
86.5753
42.0853
52.3761
67.6985
85.9258
17.4552
94.2439
18.2736
57.0581
62.1419
87.8074
0.481965
58.2404
46.4703
65.8364
70.1105
90.0988
11.0512
51.0042
37.5789
32.5734
56.0364
31.4972
23.3287
46.0957
78.8949
49.6351
50.593
11.9924
24.1098
94.4042
17.0548
65.7749
86.1283
43.9597
29.945
57.5985
38.0382
22.9746
25.2941
22.6676
90.1259
46.539
38.4984
21.1143
55.8533
25.094
95.1968
6.03119
42.7494
84.6169
52.2995
56.5139
13.9968
81.3611
52.7207
61.0861
25.5766
42.1767
0.852636
45.5739
76.8907
35.0375
66.2974
31.0855
30.5936
68.8859
69.4767
62.5579
71.2438
33.0003
87.385
21.7849
86.3484
30.8073
39.0716
56.2342
71.1443
64.8533
33.868
10.5485
58.151
25.9369
63.8682
9.15235
58.8142
96.7828
81.5684
84.0054
43.7136
45.4609
26.2977
67.5746
5.49847
30.3726
34.6136
68.3155
83.5735
64.5924
22.7181
70.6802
88.2614
48.706
35.8272
22.7701
84.2669
1.98405
18.457
51.4683
86.7232
61.3706
71.0025
95.6966
48.357
1.75188
13.4288
85.6092
64.489
64.8092
44.236
82.2818
28.4832
51.1752
60.7408
47.0847
52.5777
87.2852
32.0066
90.3973
15.6854
36.6036
98.5735
55.652
39.9063
68.157
63.518
46.0532
7.21074
4.03776
82.4199
47.1098
2.52336
20.5071
37.789
34.0339
14.4222
92.492
4.92351
9.96885
99.6274
39.4691
73.8355
93.376
4.87358
97.0429
10.6859
13.4378
46.8159
75.6011
71.4837
17.19
25.2256
56.8832
66.5201
33.1872
6.9667
11.4544
67.5408
54.8527
42.4413
88.1566
7.84371
78.8441
88.1064
80.3614
36.0106
0.861352
2.47591
47.6205
95.0296
22.5149
22.0673
31.286
1.66902
56.3589
2.82233
37.9351
5.47366
41.9357
71.9237
25.3175
67.45
61.9507
96.6598
29.5345
34.7939
6.85654
68.1745
64.235
98.3381
18.375
36.7921
5.61213
67.143
48.2688
16.6014
61.7505
14.8254
89.2809
72.2388
25.0024
44.7033
62.4284
58.8125
3.84263
25.6721
13.3131
36.0323
33.0396
96.0905
32.7371
83.5434
89.0609
57.7044
52.6466
88.5517
30.9017
58.3487
91.8472
12.4682
89.6138
51.8206
11.3231
77.7538
99.3544
22.738
85.7693
43.8164
20.1338
85.0175
10.4965
73.0307
7.45624
13.6327
59.0977
83.2556
70.7152
46.1651
75.8559
90.6749
30.5963
12.8621
61.1914
81.5803
41.6578
79.385
9.57784
93.1037
13.8854
57.3589
86.0886
97.9824
1.85727
2.46186
44.2621
41.6284
24.6828
54.8449
29.7896
82.3808
71.7388
15.3888
59.0098
76.0058
89.583
10.5813
10.6029
51.8837
84.9395
85.5879
94.7763
47.7889
73.0051
44.5608
62.1385
19.7268
25.0545
31.7167
39.2666
74.9446
29.8052
13.1291
74.1082
38.6221
20.4343
23.7447
11.92
96.2612
19.469
83.4073
26.0687
55.5476
17.3951
45.6496
70.5054
56.6613
14.6166
4.41757
71.0909
26.2213
63.1155
42.265
69.2373
12.6905
59.6772
76.7831
42.3035
67.12
53.2345
72.3632
20.9032
97.6465
32.4222
7.22205
28.985
68.997
18.162
98.648
72.0954
86.0744
78.1177
73.5842
74.3694
30.3914
99.7422
6.00916
64.459
18.6064
8.40246
58.9363
12.5773
64.6455
4.02952
23.8415
54.7793
25.2499
11.8874
78.4279
37.8515
5.32628
17.0262
12.5001
91.7535
95.2833
35.9282
19.4629
35.6823
65.7141
27.2891
57.3596
80.5032
33.215
14.3188
96.9684
34.5939
41.4853
23.2766
88.6786
35.0099
17.6079
53.8923
27.0798
0.475856
59.1579
68.231
36.513
78.0879
11.9245
63.5543
0.351535
48.5044
78.0417
8.7344
54.7951
74.1581
80.0774
86.2373
9.02969
63.3722
82.915
4.67404
29.5519
79.1373
48.5756
66.8955
20.3251
9.08807
0.496397
60.0911
40.712
51.2427
62.8942
30.6651
5.98697
58.122
33.4879
2.71256
68.8416
64.7918
29.3835
47.1497
28.8278
64.1335
86.7717
3.80562
21.8816
74.8646
11.5712
54.2423
38.1346
82.9803
96.9727
5.891
37.4906
45.4876
90.3746
12.5709
89.8424
59.1167
10.2037
84.5367
48.4085
57.9615
5.90889
91.8988
72.5299
70.3457
32.9049
55.6621
9.90205
79.7733
19.8461
88.2067
99.4987
3.011
8.15784
40.0339
64.2506
92.8878
51.8548
19.6072
94.4494
38.7005
36.7643
78.7232
92.8542
81.1067
72.9965
88.3293
85.8668
32.5274
16.5329
68.8746
66.0964
87.5082
21.903
50.6861
0.855936
79.9709
63.9659
21.5128
5.8413
26.6017
40.4642
51.1802
31.5258
34.9629
66.1678
87.6686
22.2817
7.53699
76.3654
84.742
8.9277
55.734
16.6562
30.7224
16.5159
93.9731
67.8996
49.0953
69.3031
57.4431
26.7181
29.4097
92.7622
39.6403
82.7567
19.0814
19.8864
51.5662
23.5296
63.5647
97.0436
27.913
79.7614
52.3284
96.5101
23.7654
57.695
2.89751
15.5013
42.5237
78.9797
79.4843
84.0134
20.2441
30.7393
37.636
47.1463
35.5662
52.5526
56.2826
26.7668
62.0191
88.9455
22.6991
5.02387
71.0427
75.1282
56.3472
13.5721
97.7028
51.7827
37.3007
65.3301
27.0794
72.5287
66.2818
55.6932
8.914
53.8155
0.57586
25.6585
74.9786
46.9816
89.263
55.6984
90.2434
37.5307
17.4559
97.2982
7.59638
1.40162
53.4594
64.9635
85.9715
7.99354
99.1587
18.6636
58.5292
50.2503
84.5929
20.3699
23.3661
38.4574
77.7771
23.6231
21.4185
16.3474
93.4781
86.899
7.0298
95.0921
32.5069
68.8229
54.9177
7.51363
30.475
52.7864
63.7959
2.64451
35.686
96.2936
73.0211
20.8687
50.9776
84.9035
66.3419
7.76767
18.5741
15.9793
42.5056
39.507
4.12174
52.6855
52.2842
58.8901
48.3843
39.7077
82.1216
19.1368
88.9684
51.6777
28.9896
49.6029
26.8658
37.6489
77.3259
42.9009
33.9131
84.4553
31.1581
57.7433
77.2454
20.0419
38.1508
41.7536
28.1944
70.1348
65.9931
16.5314
92.0224
6.13733
37.1316
50.1627
66.8673
24.5039
76.6866
43.3981
26.6375
28.2684
5.09843
96.3003
84.3983
26.9933
47.9535
25.5226
68.2615
70.1557
91.0169
30.9991
38.2876
93.2652
20.7654
80.8852
12.0918
88.0814
83.0966
77.5313
0.983775
2.68
72.8349
24.7282
4.38877
55.0777
35.6728
53.7985
79.5411
11.9563
7.14435
92.5209
72.5235
26.722
3.55136
36.3879
92.5405
95.3575
38.5268
17.5166
17.5312
56.7265
16.0329
11.8264
95.7967
26.3643
52.1666
6.88237
83.5584
9.77753
89.8935
4.96001
13.4935
67.2754
18.1004
22.6631
79.3695
8.94464
24.2558
70.5641
25.3206
15.3289
84.7361
9.46888
98.6045
60.903
69.7926
64.353
17.7847
67.0977
38.5788
91.2669
34.1158
39.204
19.2751
0.80304
81.4626
68.3918
91.6197
14.8762
5.68377
33.4267
45.0899
85.037
60.1292
86.4576
70.7751
24.3766
14.6153
85.3584
50.5001
21.446
98.8305
63.8705
38.0881
32.9705
25.933
95.5819
69.6352
91.0387
83.8559
89.8261
34.2983
49.7253
78.6503
48.1176
49.06
54.1349
90.4723
8.12591
42.9205
70.8459
53.2991
65.8327
12.5094
65.0781
43.0566
30.8027
95.3199
54.4533
97.7799
48.4364
18.4061
77.0218
9.93072
38.9111
52.7946
52.8408
45.712
22.9027
45.0063
69.396
11.8252
71.02
96.2182
22.7946
41.7563
11.787
28.3017
93.6442
85.6839
4.67503
73.6649
9.57752
47.4302
53.2434
93.9309
85.1937
88.0467
10.9335
50.5446
92.4656
40.1325
28.0725
38.421
50.9492
31.8369
87.5253
67.6031
11.8836
27.3797
59.4495
51.1812
84.9097
73.763
32.2736
40.7939
7.74119
92.3218
4.8546
92.2187
68.6294
65.0797
48.7465
45.4257
58.0969
39.6123
68.4324
62.7141
75.5718
80.598
25.2633
16.1305
34.1909
21.5679
70.5261
60.954
28.9769
60.3259
14.1241
47.3337
62.3959
54.976
30.7428
99.5426
62.2024
57.5075
5.40865
15.5947
29.0791
53.1248
81.1758
38.8581
6.36705
99.1796
53.5783
71.1589
19.0275
20.7621
85.8273
93.2674
51.8026
71.0819
79.3341
86.6888
71.0539
32.0064
13.6726
10.0187
76.2427
3.64758
73.2182
21.8479
87.657
81.8423
11.5872
66.2876
53.8832
29.8454
28.0684
90.9318
5.05397
82.3164
43.2364
20.0831
4.61627
60.0564
97.6666
94.35
6.1075
24.215
58.5981
89.1046
94.6448
3.02788
52.1476
78.2942
24.1745
65.2665
22.2508
67.0276
40.3314
10.4888
21.5943
72.8184
91.5174
49.8805
52.5758
43.5085
15.4838
98.3355
66.5523
64.9735
41.8744
15.3378
3.50734
94.0984
52.0243
33.8152
11.7812
99.3684
9.96834
82.4019
22.9598
37.2007
91.6664
5.36702
99.5923
27.487
31.303
81.509
41.3695
52.8424
88.1757
34.9818
56.154
95.9723
18.0548
36.1582
64.9374
6.07637
21.0053
29.9452
63.8262
33.3358
72.5928
68.6341
44.2147
38.2171
91.7815
18.5293
68.047
16.6485
89.5403
24.4309
58.5188
18.3954
66.5724
25.0435
98.6435
84.632
40.2165
52.4326
60.94
38.2859
72.5918
87.3626
0.0552636
79.5958
74.456
38.7522
56.2212
56.252
59.0497
43.2601
76.7958
73.8019
96.4334
46.0911
1.99014
97.1493
92.0684
57.211
28.5675
32.4206
64.3823
22.6735
56.8149
47.1921
95.3144
16.5159
5.29355
79.3619
61.1369
9.07317
86.2956
55.1597
32.9763
6.63532
64.4059
18.9297
38.7549
3.5202
7.9185
72.5011
79.1596
77.8511
28.9682
25.3808
43.4078
89.2062
53.4398
59.8763
38.6517
78.2819
68.5834
5.59716
24.6319
31.0845
89.0868
71.3667
25.3592
69.5631
4.62123
44.8954
0.414123
29.736
88.6702
70.6246
77.1884
26.6493
83.1078
64.2114
76.2372
70.7303
43.1611
72.118
59.0574
46.3248
32.6241
28.6122
46.7979
2.31161
70.1077
35.0458
4.87448
74.2295
41.585
64.5051
54.1188
82.6364
38.8486
90.8217
53.0527
91.3193
47.3348
73.4447
53.1618
27.5856
6.4664
10.5756
71.124
0.237
46.1182
8.6561
29.3555
65.9516
38.049
38.2626
63.9154
69.3731
88.7386
23.9698
47.3298
67.8802
41.4318
64.9996
99.0494
97.5419
32.6361
39.6616
12.3155
44.8082
19.0942
20.7121
11.8308
49.2824
28.6641
84.0682
79.0482
40.0841
13.2909
32.2975
52.2349
48.1044
33.9015
17.0748
56.3539
8.15163
46.4854
43.9856
53.0219
86.8871
5.16801
37.1288
55.997
20.4828
57.428
80.7645
9.10747
33.3951
76.2878
24.3891
17.8417
97.6285
9.41884
43.6492
19.2978
97.1049
57.2636
88.5724
7.94336
55.2679
56.0706
52.9153
54.893
70.4339
68.4445
94.3025
53.7495
31.3475
32.8825
9.50432
64.7714
3.84962
54.5905
55.9829
25.5935
54.1589
28.6995
24.8425
52.5351
12.4636
68.8088
48.895
34.3009
19.5498
7.99816
2.68178
87.7404
77.9406
44.5281
35.2761
83.9383
51.9995
40.3954
93.4359
86.7028
32.2569
78.729
63.0647
64.3658
76.7315
7.22421
58.8984
65.651
55.281
13.212
2.33628
87.4936
75.3508
71.7857
38.8326
28.6557
68.2426
52.0021
41.1119
95.7003
66.0246
3.79249
19.9291
58.1149
81.4623
40.3542
7.905
85.5602
20.4043
2.79921
87.8495
8.69833
82.7569
30.5338
48.2427
7.33323
65.4649
62.5808
25.9475
43.0899
99.2562
83.4642
28.05
39.7455
55.7497
0.826816
48.8841
93.6754
28.5618
11.0497
34.2092
11.104
10.2832
37.5512
56.0341
22.3465
74.9141
83.4399
49.5647
24.9659
47.6816
2.12513
66.8017
6.42801
46.6072
53.4878
3.84386
68.7148
74.8583
52.3973
59.3263
39.0039
95.6082
75.1731
51.1051
66.9038
68.9662
79.5332
13.6223
72.4677
11.4003
27.424
74.2252
10.9295
74.3362
83.31
45.9224
3.33947
71.4472
20.4981
86.2418
67.0451
73.4108
50.2191
96.429
2.16378
24.1245
96.2603
65.1658
8.97922
76.5395
7.9395
74.53
3.93025
86.1383
18.0669
78.5325
8.71282
21.3125
66.773
56.0019
36.6847
65.9023
81.1356
7.22624
71.0736
31.3675
78.2544
22.4879
71.0607
78.772
42.2797
44.7198
45.6295
88.8323
3.00161
99.2054
16.9908
39.3824
67.5389
70.0171
56.159
75.5872
35.4881
46.2845
23.1298
24.1501
55.4533
4.33471
29.5987
10.8659
21.9131
71.4657
22.0705
56.564
42.5167
91.1307
68.0684
24.8495
30.301
69.223
70.4278
34.2045
95.9817
95.6206
4.37041
29.3656
51.5246
5.49317
10.1038
95.581
25.3427
18.2778
19.959
75.9814
4.64135
59.7587
46.8397
37.9201
34.6595
15.0031
17.4061
9.90923
82.9736
13.6035
16.4888
60.3675
57.696
66.7126
90.816
12.9067
58.9966
99.3977
67.6255
6.38341
69.4325
54.5552
7.73891
89.4642
38.8278
0.671515
39.2756
11.7502
50.9421
17.1376
33.3134
10.6857
59.5933
6.73884
66.9953
81.504
0.132779
19.1569
77.7608
56.3365
84.2793
58.0902
18.2444
23.0004
31.5213
77.2733
65.5236
58.9118
61.6027
77.8794
50.265
79.8277
39.989
85.2992
61.9056
67.3226
41.6504
79.4276
57.2766
18.0543
0.56168
87.625
79.4511
35.7216
83.8123
0.331121
97.3375
55.9771
18.0693
6.6563
9.55815
50.3027
86.6666
95.8092
31.252
24.1877
85.4282
5.70864
33.5317
22.913
64.6856
22.1119
79.8875
55.0403
94.3136
86.9801
16.2612
70.9082
37.939
7.22706
79.2693
55.2227
36.3479
0.609021
42.6572
39.8274
62.0008
56.6093
97.4966
70.5371
68.4017
78.7046
90.5617
8.60678
83.5854
92.5036
83.0192
47.7039
5.50793
49.8588
11.9492
85.9484
25.9068
34.7359
22.0377
30.315
11.7409
97.2447
22.6492
74.7678
20.9117
92.9682
31.5212
56.8414
98.7072
57.0074
29.9169
82.4918
66.8082
6.71802
13.6152
65.1099
1.83132
84.2281
44.7037
80.5503
54.6094
69.1377
23.4273
30.8263
12.6982
98.0989
41.7149
15.6879
48.2262
55.5434
42.2918
7.97061
30.4758
15.3593
8.55476
57.3205
66.6282
90.9817
58.7506
80.8931
57.6695
3.07155
37.4319
12.9439
50.0654
61.817
61.4737
2.22998
23.4001
97.0053
57.215
95.9029
1.55804
96.7804
44.796
98.3606
96.8775
28.3586
21.8404
73.8152
32.2473
76.7077
80.0248
84.9467
96.4112
62.8495
90.9798
97.6655
2.20063
97.054
81.5133
14.5452
48.8036
44.0502
83.1605
52.9276
98.3331
7.72107
9.08428
18.0517
5.93184
21.8118
54.3002
35.0286
97.4727
36.4599
97.5023
40.9697
76.5281
1.82593
12.7266
53.6082
47.6352
48.672
22.7621
40.129
21.2992
84.3882
64.4719
13.7655
2.23286
77.3082
13.5632
32.624
90.4117
12.8658
10.334
42.9907
97.2375
64.6205
38.7929
26.6838
78.0335
86.5488
54.8028
71.1211
78.841
2.99364
60.8293
10.491
49.7337
56.0779
94.7168
69.2386
25.4269
1.89602
50.3537
33.6746
52.3052
34.3749
48.5836
87.6006
95.0863
76.2487
81.3449
46.9425
39.1196
60.1655
52.8595
60.5851
81.8764
32.206
99.8874
29.5655
51.1775
19.5434
79.3887
99.4183
64.385
16.062
19.4117
20.674
20.2064
16.607
79.3401
44.4286
67.824
45.594
29.3438
26.0779
3.45767
78.428
32.1086
92.2505
6.57101
42.3541
71.4477
84.5075
77.0023
86.8805
16.4621
19.5256
85.8368
43.679
22.0746
58.7106
87.1724
1.24555
20.2413
17.4409
99.1645
60.4362
62.2987
6.8698
51.5468
67.4365
77.5676
96.208
99.0345
11.8216
83.0078
61.9203
84.7581
16.5861
96.7341
31.3234
66.9582
99.8363
7.68904
44.3894
14.6614
21.788
89.4165
18.6823
14.1523
46.8
19.1004
68.1151
83.3955
63.9688
78.5786
38.8984
66.2329
59.123
21.4442
41.213
87.9929
9.99855
29.6474
59.0161
49.4104
84.7161
49.6436
22.6782
84.1655
21.6492
0.442245
44.2549
49.6365
25.0544
60.0545
23.5481
34.9678
73.3151
84.2779
60.4608
93.1049
97.5388
72.8606
26.1438
60.5395
96.2277
30.9925
57.075
41.5202
46.1429
99.0546
11.0789
29.3972
94.4065
21.7825
9.48574
79.6199
84.0386
41.2002
37.1337
50.388
86.8515
80.9633
10.3967
21.9678
72.3197
46.4065
12.0054
61.7618
22.9435
15.021
12.1328
37.1839
93.3089
81.6253
9.95641
17.4875
67.4601
12.8419
35.2406
8.95813
29.0672
33.5304
28.1313
41.8118
49.5473
66.7145
17.9653
75.8247
11.3637
78.3188
81.228
73.0962
67.9086
35.1791
22.1222
89.3268
47.9137
39.2063
12.9636
75.72
54.8392
83.2184
1.65113
0.22067
80.8229
27.6912
59.9583
15.5563
58.6433
75.0064
27.6156
8.92894
45.261
19.5052
14.8554
23.6049
74.0719
12.0724
70.4674
58.3075
80.9373
99.2505
7.18532
91.693
30.5719
54.0725
16.4328
10.9366
69.8388
30.8117
43.0945
60.996
56.5696
85.6019
77.6711
74.1175
41.7538
7.16305
49.5564
25.7941
79.2286
14.9612
31.8257
26.7043
79.151
65.4684
15.8507
28.3744
79.3476
79.8687
91.2424
5.77199
75.7832
93.2603
42.8085
40.36
86.806
56.2137
68.8333
46.73
41.935
4.02094
95.7721
26.7783
76.6296
75.4893
53.1003
85.7787
83.1321
45.7168
7.96628
76.4609
27.1002
42.5316
19.0072
78.5878
17.5601
76.7395
75.6675
92.4396
45.9421
4.17121
16.1
47.6639
84.9133
26.1828
61.8707
83.7739
40.9741
54.0365
37.4348
96.2439
86.4617
87.1324
75.7656
41.2684
52.363
63.8833
99.2271
0.38708
44.5976
78.41
18.4394
70.0572
86.1241
64.1021
85.7157
48.5722
98.2957
20.56
54.7806
54.9613
25.4762
68.961
12.0293
52.0877
44.0097
13.6535
13.1816
18.6733
84.606
14.3605
19.5017
8.04934
66.859
59.2741
21.7574
59.264
72.2592
8.72137
72.1473
42.9426
86.3108
21.5599
47.541
72.7321
67.0573
94.9982
16.8538
56.2889
5.18519
69.346
89.2135
41.4856
9.52114
41.3099
44.6811
60.0811
26.4022
56.9736
51.8037
70.6555
88.3408
66.1516
69.3373
38.7325
14.2822
29.0243
23.5122
95.9525
81.4826
14.3941
72.8593
99.7875
86.7328
95.3474
26.3462
1.00256
19.9244
48.2511
47.5426
50.4045
29.8915
3.36564
2.74758
66.802
52.5497
19.0168
82.4646
6.00986
0.469672
18.0028
42.9638
89.8074
91.893
54.5595
30.8022
68.0837
42.2743
6.50093
10.2119
18.2564
27.5782
36.6441
57.2326
16.8049
10.5938
23.4979
11.3944
9.96838
62.9206
37.8148
42.005
28.0999
88.1016
60.4009
76.8231
45.9026
4.08438
32.5179
4.16556
61.4741
47.1036
30.4306
10.7018
95.9293
96.3724
20.2656
93.8738
97.3202
62.3914
5.91848
19.0162
15.1024
99.2056
95.4953
32.1228
65.7645
44.0906
50.5343
6.73836
51.8483
28.5527
11.0439
42.2812
61.7149
6.16476
26.738
11.822
70.3347
25.6392
54.0814
3.19516
42.3674
54.8239
55.9079
69.9463
80.8203
65.5843
5.59545
35.7418
32.0203
99.9414
62.1657
4.56706
34.9928
73.0248
38.8316
95.4455
1.36503
80.1897
22.4819
4.84744
53.6717
44.5236
89.3006
56.6879
82.6174
72.9423
35.9296
58.0044
19.6445
78.3307
63.247
39.1983
40.5611
19.6149
29.626
52.3986
87.702
84.1531
89.0663
66.8627
14.9318
14.9227
2.73952
74.6865
2.6109
49.3213
19.8559
50.9053
58.8798
92.5697
95.0699
19.6702
88.7084
13.5015
61.3891
93.536
11.713
74.0293
32.9131
28.2835
44.4854
29.2923
79.7324
73.6051
58.8229
96.7888
35.5683
44.8742
43.4087
83.7367
92.9298
26.648
9.47094
39.7188
38.3249
22.1182
47.583
52.6235
66.4096
77.7314
84.5506
50.8746
94.854
32.745
65.9367
71.3269
13.5728
62.5062
37.3682
14.6853
41.2678
35.3194
87.3658
70.9063
77.2063
75.7673
31.633
36.2367
83.6047
76.2538
52.5523
98.723
55.3914
36.1445
48.607
58.7391
27.3016
15.3996
43.4861
8.83829
56.2481
8.84839
47.1054
5.45186
89.9495
84.0688
92.9701
54.7863
91.6938
40.7952
39.8033
61.9189
75.5706
47.2776
12.7392
11.3048
83.1364
96.0677
12.9102
79.8947
99.8303
50.5414
80.9415
92.1088
26.0351
17.6044
47.6723
88.8468
80.9732
65.5726
45.867
94.644
10.3239
20.5721
87.2115
72.039
36.3333
77.2734
96.004
70.3309
83.2179
14.6345
17.744
20.0625
12.5745
49.6719
62.0524
30.3176
4.374
70.9677
30.6145
84.3421
98.1205
48.2019
15.338
5.2034
70.754
80.819
77.5393
11.611
88.0701
82.5124
26.0408
55.3717
81.1526
27.2362
3.21095
77.6001
75.0299
57.734
13.8376
35.6408
90.4413
47.6783
98.7408
90.0862
92.6427
3.07281
63.5082
49.6619
92.8888
4.49939
52.721
19.9865
50.3838
68.164
85.5362
45.3942
91.5345
39.6348
73.9983
20.6763
71.4172
69.5996
50.4491
86.3207
23.5537
81.6001
46.0689
72.4735
39.8326
42.3201
68.233
60.4775
85.0167
85.4469
77.6873
65.7746
27.5656
80.4431
85.4672
89.7412
19.4637
60.578
9.55755
91.0862
7.61635
91.9215
73.7534
50.251
47.5772
93.9029
17.599
72.3737
62.4215
10.4817
45.01
7.16076
54.1646
0.723713
88.6142
59.6072
21.4715
82.9532
36.5908
53.7816
91.2485
59.0253
65.2363
66.7942
38.079
60.4003
93.5032
89.3544
13.4811
40.4957
64.0219
20.0012
2.6131
22.469
58.2766
14.1926
56.7661
81.7377
1.8649
7.83297
76.743
42.2379
12.1431
78.3662
94.3279
67.0097
59.5772
88.8658
49.3682
33.3471
8.63876
98.3489
56.219
98.1724
34.5472
46.6787
44.1703
24.0926
79.6649
88.2745
9.8971
38.2664
90.4739
51.0557
53.2051
7.46053
10.9375
74.0844
62.9863
38.3397
80.4707
12.3389
80.8062
7.0702
90.6584
81.6191
37.4331
5.21513
64.543
40.2025
59.697
10.0583
35.382
23.8924
57.5796
66.1983
24.9639
95.4401
64.1956
53.1164
19.3941
0.905986
60.5541
8.76105
62.5256
29.1027
98.4407
88.9031
85.8288
89.4626
67.0475
17.882
11.6297
47.0122
24.9643
14.2372
8.76253
15.1241
16.7782
30.8842
0.0156211
48.6409
5.21207
17.0278
2.59678
43.6847
37.2266
6.73958
30.7463
79.3106
85.2136
97.4369
79.8679
29.3306
50.3273
45.9784
21.2769
56.673
85.2516
20.2964
55.8426
18.1327
47.0576
18.2001
74.2866
82.7799
12.2965
22.9319
63.1874
10.1852
82.5215
17.4095
87.3469
56.6721
43.3389
35.14
40.8968
77.8091
5.35575
74.6131
69.0425
51.9362
64.3247
1.97948
1.60972
55.3393
31.6354
1.00049
32.9676
73.9029
81.3633
60.8896
47.8383
45.1774
50.7689
66.4423
8.67356
9.96629
84.0537
67.497
17.7373
47.3276
49.7494
18.4472
67.3446
65.4873
98.4494
58.004
94.3463
42.054
50.6239
10.1924
34.9647
97.8495
1.22594
16.7525
42.7252
81.7217
0.579451
27.1559
47.8456
54.4503
89.3781
46.6783
69.6867
19.7916
95.9213
49.2158
61.6821
73.7806
64.232
7.8447
80.0172
61.4351
32.4079
37.0922
18.8179
16.1902
39.4778
89.4807
7.74244
59.3019
13.2237
39.3222
12.7321
0.66259
20.5952
87.0116
51.3061
8.24471
63.6217
67.5308
64.5449
46.2938
75.0711
61.2744
53.2839
99.2103
84.5884
26.1043
38.1713
28.4325
59.7022
29.8338
49.1635
62.1608
52.7114
41.061
39.9341
50.6714
83.1337
30.4707
90.1281
68.4287
20.6434
17.6154
24.0838
87.3846
25.5352
24.286
12.9939
83.5978
76.5484
43.8966
39.8682
23.2274
14.9878
30.3795
67.9359
10.4854
12.548
27.211
89.2122
83.3102
71.0316
42.6204
17.0317
13.9706
17.3945
66.3066
60.1144
33.3685
68.9619
64.5061
3.6265
87.0435
33.3709
12.6251
24.2605
63.3241
2.82226
4.52371
43.534
81.2163
87.8433
69.476
60.2652
78.0092
53.3126
29.3319
29.3297
58.2445
54.2922
95.9788
73.4969
92.9013
26.746
6.98754
22.1581
83.18
11.4622
5.74107
10.6135
75.397
11.2191
84.4125
16.4133
37.5949
35.0707
85.7471
75.9328
48.624
88.9458
82.8154
48.6887
47.9971
5.98449
55.9583
53.7233
88.3337
38.4815
76.7868
37.0092
92.6628
59.0548
27.248
0.307413
34.5731
29.7506
76.5736
9.10052
57.8717
59.0608
98.3232
42.3988
81.6892
18.9699
70.794
74.6342
70.8659
12.7166
85.6608
97.8183
60.4626
8.79558
66.9933
61.0972
19.4793
21.7
3.71486
39.9422
62.767
57.6005
90.6098
22.206
17.2005
34.1464
24.0572
86.6209
69.5958
34.7423
90.8941
51.7819
20.2676
72.7976
13.1999
95.4482
49.4428
25.4018
31.7823
60.1968
96.1314
25.8756
16.4197
9.8875
60.1386
34.4221
31.849
98.3744
17.209
23.264
93.3423
74.1008
22.2192
86.358
71.0588
51.3737
3.39727
19.1619
6.85245
94.204
13.4168
49.6375
45.4242
95.7983
73.5222
12.1815
61.7497
29.7949
96.4432
39.5983
53.3935
57.8073
49.4361
99.4143
58.66
13.735
57.4633
80.9824
49.9673
27.5763
47.7571
74.7437
47.4339
92.1953
13.2515
95.0762
11.4575
26.5695
86.5929
52.3846
35.2493
70.3539
55.983
50.3521
7.67337
47.5233
61.6881
80.898
7.10675
60.142
66.8652
73.0252
83.7703
95.5572
62.1914
77.7856
23.6208
75.9487
55.1783
75.0457
64.7898
43.4497
99.4905
72.2068
30.1485
50.5523
37.662
5.75145
21.457
19.1774
65.0977
67.5452
93.8764
29.2036
41.9984
80.0819
62.4973
2.18227
69.1
37.9647
17.3299
95.2814
46.364
8.73338
62.3417
47.667
89.0183
59.1662
6.07312
18.644
43.7571
40.8741
4.53552
54.4193
29.2875
59.8166
12.8154
64.8184
15.1476
19.3369
63.4544
5.09781
94.6816
56.6993
90.9791
99.9662
30.5495
90.0911
5.0143
28.8281
1.50773
60.1433
10.4437
65.5961
34.0645
89.4155
79.8519
73.887
94.8254
5.89592
86.7527
48.3875
88.0022
85.2871
39.0902
65.7797
1.78663
47.5929
39.1364
12.6383
70.5817
10.0314
11.0634
55.1505
20.105
43.2858
36.8355
27.8188
55.4077
37.1555
1.33272
55.4942
58.8788
49.3747
60.8461
29.2569
55.3234
4.97493
14.8408
57.9906
72.8316
23.3543
37.2478
68.5429
5.62147
90.9424
74.8078
8.92619
68.315
14.2488
5.83485
3.43539
6.04093
36.0859
22.494
77.879
46.0137
86.0683
32.7586
26.9449
82.3011
83.1437
52.3166
80.1786
0.139097
18.8415
44.689
50.7044
43.864
49.3675
19.9265
56.2245
82.6281
40.7433
97.1525
38.4877
71.2706
62.1676
65.2271
19.2316
47.976
29.7912
0.240083
51.5509
69.0065
74.0861
3.66403
53.94
11.5659
67.8037
0.372783
38.4406
63.8596
89.5209
21.8144
54.6624
92.5966
74.4461
29.5394
69.6287
62.5611
25.62
43.8433
10.5097
7.50353
50.3599
70.4858
91.7869
55.4646
63.9264
57.0255
58.8942
13.6205
50.2685
48.7472
63.8354
21.6491
33.2818
19.4742
51.6041
64.9097
95.1345
5.64875
28.1921
70.7123
21.6925
99.9335
45.119
1.63858
28.0996
25.3336
97.7189
53.1204
75.5717
68.2387
64.9982
71.6488
20.7074
85.7852
26.732
16.7018
17.9113
97.426
25.8739
29.6649
54.8525
5.79286
46.9243
24.6587
9.27659
51.8417
36.5232
1.15911
16.1468
4.31328
51.6664
70.0367
36.1574
84.1532
18.8952
25.192
53.1157
35.6226
53.9427
96.3588
48.1792
93.3002
3.30121
40.8626
58.0037
24.8364
61.3726
50.1667
13.7126
7.67188
83.5342
88.7441
34.8528
46.4948
68.9878
97.6576
66.4744
54.6809
45.5362
21.4003
81.9255
72.318
61.143
13.0602
49.0485
35.0161
2.16352
92.0001
59.2222
2.68557
6.31134
32.1141
3.08165
36.4665
33.8092
14.6999
13.4273
66.8071
49.3602
53.3771
9.97838
50.5353
43.2127
49.3831
29.199
45.7309
77.3851
41.9087
56.1435
38.1945
25.3904
91.06
46.293
74.8998
94.0311
25.2775
53.9754
35.0008
9.04253
12.4357
12.5516
4.77238
25.9185
66.5638
71.8621
17.8688
56.7482
37.0617
52.2144
70.8472
24.1807
18.5692
13.4555
30.2727
2.0826
27.3239
7.94747
48.3485
45.2201
67.8704
77.1017
18.9249
17.8674
53.5788
22.0949
7.32231
52.0408
70.342
41.7882
43.6193
70.9615
28.5002
18.7064
13.9512
78.528
51.7576
74.9909
42.2085
25.4912
75.0412
54.8723
50.6945
88.5369
5.97774
11.9253
96.6217
66.2206
17.8133
55.6572
92.9806
70.2046
96.5062
19.7582
84.5627
26.6169
47.3335
65.4154
11.6666
69.6469
83.4783
49.9248
88.4164
96.3803
12.2681
54.9099
40.8758
83.6468
87.9681
5.29943
21.2786
59.7218
3.32936
32.7484
64.5471
69.8784
70.685
73.1093
47.3852
78.7068
7.76558
82.9717
51.907
6.49322
23.2403
84.2198
22.5382
73.2044
94.6258
69.7248
55.6979
35.7097
72.7876
35.3338
85.5088
99.088
22.5074
32.757
54.1448
23.5473
98.1496
69.8486
90.7616
21.327
12.6166
17.6598
96.6582
76.5649
82.7949
13.8545
89.6037
21.5552
90.3376
24.3865
42.6933
69.7005
57.0635
50.6859
79.3864
43.3407
88.9377
35.8648
63.2509
80.798
49.0725
61.418
74.766
83.3565
82.7396
26.0185
29.5109
15.1466
36.7623
64.6341
85.651
86.3528
94.4809
5.41258
24.5242
24.3978
44.2877
54.3762
77.4827
62.6331
41.386
63.691
34.1938
9.60458
70.6872
17.5651
17.5572
36.9969
67.3586
38.8858
36.4852
13.2811
17.9009
98.5689
91.9574
21.459
34.2327
27.1757
25.1512
26.1304
55.7097
84.9438
1.84179
65.7125
23.2044
86.7973
55.246
36.8412
91.4399
21.9897
18.6225
87.7219
93.7587
76.4089
77.3798
0.0708417
67.1952
29.9811
99.8724
98.5961
92.2852
52.4658
82.3741
75.4323
13.9454
76.8416
31.3176
95.9088
4.16532
63.8793
96.1037
23.4083
67.4485
34.1952
7.7694
36.0444
2.65142
35.3604
31.8624
71.3241
72.4813
39.538
23.2442
48.3611
30.8656
11.0381
47.309
67.8739
57.6886
59.1712
45.2797
33.9013
6.44678
7.63156
17.5785
28.5693
53.7312
38.4424
41.7449
81.2529
86.7431
79.8609
42.9078
69.3137
20.2908
22.3075
63.8573
51.8741
91.5741
15.9574
63.6793
67.4983
91.8356
78.0727
32.5672
16.3099
94.9025
89.6789
8.80322
29.7038
37.5586
48.2716
87.7926
72.613
12.5283
40.172
41.1862
5.49222
90.0138
41.8317
61.8894
5.07133
54.7919
67.8353
15.6451
56.0633
31.7207
39.1354
43.4957
45.266
17.2815
25.3925
8.25781
69.2423
34.52
60.7567
66.4976
26.8088
56.6586
48.1368
85.7883
47.4358
24.2615
74.9057
50.4196
14
25.5251
87.6326
90.2544
68.6157
30.4247
21.0468
98.7361
48.0403
35.4346
23.8763
10.7717
83.3165
56.0473
72.1598
60.579
53.0618
12.596
27.047
20.4705
51.1793
76.0358
63.4413
36.5244
13.7439
4.83677
90.4731
69.1484
45.8401
87.7739
90.3063
9.02682
39.8221
88.8776
48.7723
2.20148
27.8641
67.4334
35.3583
60.0611
39.0453
48.5416
0.394006
65.8055
65.5112
84.1805
57.9646
86.9303
27.3217
34.0242
17.5259
55.6072
96.8355
73.3232
74.0422
79.9022
57.264
14.2982
55.5151
19.4532
15.1293
8.9441
56.4837
84.9235
89.4837
20.3764
50.1872
16.3487
63.3366
97.2508
14.2567
36.4464
21.958
62.469
35.2207
62.2371
67.852
76.9349
94.8861
11.2961
93.0297
45.0211
34.0398
18.059
11.9498
1.27853
11.6717
98.5247
73.4023
71.329
33.1115
92.4123
77.3274
19.246
50.5074
61.9633
84.197
21.0619
74.2484
29.1575
75.1395
87.3727
98.7934
48.4447
72.1451
20.236
76.9131
55.5178
88.4664
10.0966
40.2259
2.10951
56.5687
4.39215
56.8923
87.7917
45.3909
50.7616
93.4792
32.3823
17.9629
2.4414
68.1317
9.94724
31.1329
17.9644
24.3753
41.4133
80.0139
14.9193
18.6685
96.7002
47.539
4.16546
66.5595
33.8427
97.9091
80.5017
65.6111
68.8853
94.5853
36.6983
9.9951
63.3293
61.1684
97.962
27.5635
25.7268
79.4348
24.9184
28.1353
13.8582
62.9332
50.4566
14.5017
82.3643
59.9817
61.0501
6.53288
23.8489
77.0904
89.4252
67.4254
82.5644
27.7431
33.5747
80.7444
31.6197
57.9109
82.0128
57.8636
64.564
81.4393
83.8476
39.8753
70.6033
99.017
10.1361
13.9439
72.5362
35.3233
74.0702
18.0042
46.1727
58.8917
77.1101
61.1156
47.1326
59.1541
46.4377
46.087
76.3528
79.8173
44.4174
29.5385
40.3886
7.38292
20.3437
31.0964
63.7846
9.31276
15.0085
48.8468
41.5032
29.9279
83.4146
54.6483
71.5619
39.5752
42.0904
11.364
69.7097
59.4896
27.3838
46.0267
92.0741
22.223
76.3693
84.0517
35.1797
89.3891
24.947
86.574
27.183
38.2963
71.4784
83.2231
97.7046
21.0291
68.1423
67.3785
66.6659
