0.00121422
0.0156211
0.0552636
0.0628101
0.0670499
0.0708417
0.0740476
0.0870399
0.111106
0.132779
0.139097
0.149129
0.151484
0.15979
0.174159
0.196704
0.203002
0.213871
0.22067
0.221301
0.237
0.240083
0.25364
0.27904
0.281843
0.300121
0.300736
0.307413
0.313302
0.331121
0.338208
0.351535
0.353425
0.372783
0.373475
0.383121
0.38708
0.387146
0.394006
0.401735
0.402173
0.4086
0.414123
0.425935
0.426483
0.432302
0.442245
0.442644
0.468836
0.469672
0.475856
0.478348
0.481965
0.488713
0.496397
0.561468
0.56168
0.569887
0.57586
0.576812
0.579451
0.583972
0.597361
0.601354
0.609021
0.636953
0.639548
0.654187
0.662396
0.66259
0.671515
0.671617
0.67641
0.698736
0.723713
0.742543
0.747418
0.7603
0.775207
0.793926
0.80304
0.809391
0.814441
0.826816
0.831445
0.832427
0.840409
0.852636
0.855936
0.860256
0.861352
0.905986
0.937151
0.938154
0.944365
0.950735
0.983775
0.991982
1.00049
1.00256
1.00397
1.01148
1.01368
1.04028
1.06788
1.07221
1.09396
1.09562
1.10246
1.10547
1.11926
1.13399
1.15911
1.18768
1.22594
1.23616
1.23786
1.24461
1.24555
1.25388
1.26378
1.27853
1.28618
1.33272
1.35391
1.35999
1.36503
1.3777
1.38434
1.3964
1.40162
1.4103
1.43069
1.43267
1.45201
1.45955
1.48917
1.50138
1.50773
1.52627
1.53602
1.53903
1.54593
1.55674
1.55804
1.57388
1.60617
1.60972
1.63858
1.64541
1.65113
1.65206
1.65472
1.65827
1.66902
1.68707
1.69663
1.70243
1.73389
1.73415
1.74882
1.75188
1.77354
1.77739
1.78663
1.80426
1.80484
1.80663
1.80939
1.82118
1.82467
1.82593
1.82634
1.82964
1.83132
1.83921
1.84179
1.84357
1.84508
1.85132
1.85727
1.85869
1.85967
1.85996
1.86053
1.8649
1.88886
1.89602
1.90367
1.93297
1.94051
1.94504
1.94523
1.96566
1.97772
1.97948
1.98405
1.98406
1.99014
1.99809
2.01681
2.02565
2.06047
2.06153
2.07087
2.07866
2.0826
2.08441
2.08843
2.08956
2.09512
2.10704
2.10951
2.12057
2.12513
2.14319
2.14774
2.16352
2.16378
2.18227
2.18512
2.18527
2.20063
2.20148
2.22946
2.22998
2.23286
2.24208
2.27011
2.27197
2.27973
2.31161
2.32701
2.33628
2.36411
2.372
2.37471
2.4414
2.44621
2.44629
2.46051
2.4614
2.46186
2.4687
2.47341
2.47591
2.48372
2.49323
2.52336
2.52353
2.52574
2.52604
2.53666
2.54997
2.56989
2.57324
2.59054
2.59589
2.59678
2.59881
2.6109
2.6131
2.61541
2.64451
2.65142
2.65144
2.66093
2.66196
2.68
2.68178
2.68359
2.68557
2.68916
2.69022
2.69769
2.70403
2.71078
2.71256
2.72995
2.73952
2.74758
2.79205
2.79645
2.79921
2.80311
2.82226
2.82233
2.83883
2.84305
2.87153
2.87325
2.8757
2.88921
2.89751
2.90334
2.90571
2.93734
2.97814
2.97974
2.99364
3.00161
3.011
3.02788
3.02943
3.03992
3.06522
3.07155
3.07281
3.08165
3.08861
3.09309
3.11379
3.11726
3.12839
3.13511
3.15536
3.19516
3.19655
3.20455
3.21095
3.21235
3.22133
3.23761
3.24266
3.26574
3.26835
3.26992
3.27031
3.28395
3.2981
3.30121
3.30676
3.32686
3.32936
3.33641
3.33947
3.35723
3.35754
3.36564
3.37223
3.39333
3.39727
3.39729
3.39837
3.43173
3.43319
3.43539
3.43957
3.4409
3.45767
3.47749
3.50734
3.51691
3.51902
3.5202
3.52372
3.53111
3.55136
3.55451
3.55716
3.5686
3.59874
3.6265
3.64413
3.64758
3.6633
3.66403
3.66781
3.68342
3.69036
3.70242
3.70859
3.71486
3.7159
3.73524
3.75403
3.75743
3.76078
3.79249
3.80562
3.8101
3.8215
3.84263
3.84386
3.84962
3.85009
3.89302
3.89362
3.89611
3.93025
3.93928
3.94693
3.9507
3.99029
4.02094
4.02952
4.03559
4.03729
4.03776
4.04708
4.04711
4.05979
4.06179
4.06598
4.08107
4.08438
4.12174
4.13827
4.152
4.15927
4.16532
4.16536
4.16546
4.16556
4.17121
4.17376
4.17793
4.20541
4.22377
4.22514
4.25041
4.25901
4.30318
4.31328
4.33471
4.33609
4.34345
4.35554
4.36423
4.37041
4.374
4.3802
4.38877
4.39215
4.41757
4.42738
4.44364
4.4547
4.45941
4.49939
4.50595
4.52371
4.53552
4.55628
4.56052
4.56649
4.56706
4.60417
4.60856
4.61097
4.61627
4.62123
4.62945
4.64109
4.64135
4.66238
4.67404
4.67503
4.69157
4.69493
4.70208
4.73086
4.73338
4.74115
4.77238
4.79443
4.79829
4.80873
4.82712
4.83677
4.84744
4.8546
4.85634
4.85755
4.87358
4.87448
4.8851
4.89513
4.89832
4.92061
4.92351
4.93
4.94597
4.96001
4.96843
4.97493
4.99429
5.0143
5.02387
5.05397
5.06259
5.07133
5.07387
5.07434
5.09781
5.09843
5.11352
5.11953
5.12164
5.14224
5.14926
5.16801
5.18519
5.19867
5.20097
5.2034
5.20988
5.21201
5.21207
5.21513
5.2675
5.28935
5.28994
5.29129
5.29355
5.29943
5.31526
5.32628
5.3507
5.35575
5.36171
5.36702
5.37223
5.37796
5.39108
5.40865
5.41258
5.45186
5.46932
5.47366
5.49222
5.49317
5.49847
5.50793
5.53332
5.53525
5.54064
5.54217
5.54414
5.55431
5.57054
5.58727
5.58848
5.59545
5.59716
5.59753
5.61213
5.62097
5.62147
5.62417
5.63424
5.64875
5.65112
5.65939
5.673
5.68377
5.70298
5.70864
5.70955
5.7191
5.7234
5.72414
5.7352
5.73635
5.7388
5.74107
5.75011
5.75145
5.7613
5.77199
5.78015
5.79104
5.79286
5.79799
5.82523
5.83485
5.84085
5.8413
5.84143
5.84561
5.84915
5.85307
5.86985
5.87259
5.88409
5.891
5.89592
5.90293
5.90889
5.91848
5.93184
5.96145
5.96617
5.97774
5.98449
5.98486
5.98697
6.00466
6.00916
6.00986
6.02612
6.03119
6.04093
6.04107
6.05451
6.05725
6.07312
6.07637
6.07679
6.0818
6.08225
6.08606
6.1075
6.12696
6.12774
6.13733
6.14068
6.15689
6.16476
6.17625
6.20893
6.22223
6.2298
6.24269
6.24411
6.25432
6.28096
6.28205
6.29977
6.31134
6.34705
6.35137
6.35291
6.36705
6.37436
6.37897
6.38341
6.38646
6.39815
6.40594
6.42801
6.44678
6.44708
6.4664
6.49322
6.4973
6.50093
6.50896
6.51713
6.53288
6.53821
6.54451
6.55245
6.56508
6.57101
6.57555
6.60578
6.62748
6.63532
6.64404
6.64437
6.6563
6.6579
6.67704
6.69104
6.69322
6.69394
6.70639
6.71802
6.73763
6.73836
6.73884
6.73886
6.73958
6.74469
6.75954
6.78848
6.80037
6.81902
6.81998
6.82648
6.8381
6.84561
6.85245
6.85654
6.8698
6.87386
6.88237
6.8908
6.90032
6.91401
6.92625
6.93561
6.95229
6.95407
6.96318
6.9667
6.98001
6.98754
6.99819
7.0034
7.00426
7.0298
7.03054
7.04003
7.0702
7.07338
7.08705
7.10675
7.11996
7.13506
7.14435
7.15072
7.15962
7.16076
7.16305
7.16648
7.18532
7.21074
7.21781
7.21803
7.22115
7.22205
7.22421
7.22624
7.22706
7.22954
7.23896
7.26221
7.30676
7.31517
7.32231
7.32346
7.33323
7.34221
7.34538
7.37709
7.38292
7.3837
7.41428
7.41584
7.42084
7.42535
7.42893
7.43094
7.45624
7.45794
7.46053
7.46886
7.48296
7.50353
7.50494
7.51025
7.51268
7.51363
7.53699
7.54984
7.57214
7.58095
7.59638
7.59722
7.5977
7.60965
7.61327
7.61635
7.61796
7.63156
7.63557
7.63843
7.6504
7.65093
7.65373
7.65429
7.66292
7.66845
7.67188
7.67337
7.68904
7.69036
7.69243
7.69285
7.71235
7.72034
7.72107
7.73298
7.73891
7.74119
7.74244
7.74496
7.7557
7.76558
7.76767
7.7694
7.79134
7.80669
7.81304
7.81553
7.82674
7.83297
7.83777
7.83925
7.84371
7.8447
7.86874
7.87351
7.88424
7.905
7.90965
7.91055
7.9185
7.91933
7.92084
7.9395
7.94336
7.94747
7.95258
7.96628
7.97061
7.98213
7.99354
7.99585
7.99604
7.99816
8.00604
8.02006
8.04934
8.05524
8.05824
8.06123
8.07359
8.07366
8.08333
8.10755
8.1247
8.12591
8.12721
8.13151
8.15163
8.15784
8.19545
8.21434
8.21849
8.24471
8.24766
8.25242
8.25781
8.2616
8.26936
8.29238
8.31509
8.33038
8.33341
8.34432
8.35953
8.35969
8.36562
8.37216
8.38798
8.40246
8.40552
8.4607
8.46338
8.46635
8.50327
8.54967
8.55476
8.57033
8.5778
8.58322
8.58902
8.60678
8.61604
8.62172
8.63216
8.63876
8.6561
8.66035
8.66978
8.67356
8.67402
8.68635
8.6892
8.69009
8.69833
8.69974
8.71282
8.72137
8.72784
8.73275
8.73338
8.7344
8.73532
8.73696
8.76105
8.76253
8.79316
8.79325
8.79558
8.80322
8.81963
8.8234
8.82772
8.83829
8.84262
8.84839
8.85184
8.87126
8.914
8.92619
8.9277
8.92894
8.9441
8.94464
8.94495
8.95304
8.95813
8.95986
8.97922
8.98232
8.99529
9.00373
9.02682
9.02969
9.03023
9.03245
9.03271
9.03733
9.03737
9.04253
9.04622
9.05217
9.05456
9.07317
9.08428
9.08807
9.08832
9.10052
9.10747
9.12633
9.13692
9.14334
9.15235
9.15392
9.17214
9.18194
9.21221
9.22928
9.26425
9.27104
9.27488
9.27659
9.31276
9.32127
9.324
9.33193
9.33426
9.34777
9.35685
9.36687
9.37209
9.41498
9.41884
9.44408
9.44859
9.45719
9.46523
9.46888
9.47094
9.47325
9.48574
9.50432
9.51814
9.52114
9.53552
9.54729
9.55094
9.55755
9.55815
9.56538
9.56815
9.57752
9.57784
9.59766
9.60248
9.60458
9.60481
9.60509
9.62242
9.62854
9.63698
9.64868
9.65327
9.69015
9.69761
9.73376
9.73855
9.75604
9.76005
9.77753
9.78564
9.80367
9.80675
9.83652
9.83706
9.85325
9.85438
9.86494
9.8699
9.87081
9.87203
9.87266
9.87549
9.87969
9.8875
9.8971
9.90205
9.90531
9.90923
9.90937
9.92514
9.93072
9.94724
9.95641
9.9653
9.96629
9.96834
9.96838
9.96885
9.97838
9.9951
9.99515
9.99855
10.0187
10.0245
10.0314
10.0583
10.0628
10.0738
10.0912
10.0966
10.1038
10.1041
10.1042
10.1083
10.1113
10.1322
10.1326
10.1361
10.1852
10.1884
10.1924
10.1985
10.201
10.2037
10.2098
10.2119
10.2136
10.2343
10.2503
10.2702
10.2747
10.2832
10.2902
10.3098
10.3182
10.3239
10.334
10.336
10.35
10.3809
10.3874
10.3938
10.3967
10.3971
10.4155
10.4235
10.4266
10.4335
10.4336
10.4437
10.4658
10.4817
10.4854
10.4888
10.491
10.4965
10.5097
10.5223
10.5253
10.5361
10.5485
10.5756
10.5813
10.5938
10.6029
10.6031
10.609
10.6135
10.6167
10.6175
10.6508
10.6696
10.6717
10.6819
10.6835
10.6857
10.6859
10.7018
10.706
10.7183
10.7331
10.7366
10.7573
10.7717
10.7725
10.7868
10.7871
10.8012
10.8062
10.8252
10.8405
10.8453
10.8659
10.8752
10.8785
10.8847
10.8986
10.9209
10.9245
10.9295
10.9335
10.9344
10.9366
10.9375
10.9714
10.9862
11.0381
11.0439
11.0497
11.0512
11.0634
11.0704
11.0789
11.1004
11.1035
11.104
11.1079
11.1265
11.132
11.1823
11.1894
11.2191
11.2465
11.2473
11.2563
11.2955
11.2961
11.3048
11.3157
11.3182
11.3193
11.3203
11.3231
11.3261
11.3263
11.3282
11.3322
11.3331
11.3637
11.364
11.3944
11.3999
11.4003
11.4049
11.4298
11.4303
11.431
11.4402
11.4415
11.4424
11.4544
11.4575
11.4585
11.4622
11.4664
11.4677
11.4723
11.4751
11.4751
11.4852
11.4901
11.5006
11.5298
11.5625
11.5659
11.5712
11.5752
11.5811
11.5872
11.593
11.5939
11.5969
11.611
11.6297
11.6468
11.6666
11.6717
11.708
11.7081
11.7126
11.713
11.7196
11.7261
11.7334
11.7409
11.7502
11.7535
11.7577
11.7749
11.7812
11.787
11.7891
11.8034
11.8202
11.8216
11.822
11.8252
11.8264
11.8308
11.8325
11.8397
11.8437
11.8445
11.857
11.8667
11.8692
11.8813
11.8836
11.886
11.8874
11.92
11.9245
11.9253
11.9375
11.9456
11.9492
11.9498
11.9547
11.9563
11.9924
11.9939
12.0054
12.0073
12.0197
12.0293
12.0338
12.0382
12.0649
12.0724
12.0845
12.0866
12.0918
12.101
12.1328
12.1392
12.1431
12.1514
12.1711
12.1809
12.1815
12.1951
12.2071
12.215
12.2266
12.2483
12.2484
12.2568
12.2681
12.2859
12.287
12.2954
12.2965
12.3003
12.3081
12.3148
12.3155
12.3389
12.3397
12.3422
12.4098
12.4273
12.4357
12.4419
12.4459
12.4636
12.4682
12.481
12.5001
12.5094
12.5183
12.5263
12.5283
12.5304
12.5332
12.5428
12.548
12.5504
12.5516
12.5709
12.5745
12.5773
12.5775
12.5897
12.596
12.5986
12.6015
12.6123
12.6166
12.6251
12.6355
12.6383
12.6728
12.6884
12.6905
12.6982
12.7025
12.7166
12.7266
12.7321
12.7327
12.7349
12.7386
12.7392
12.7711
12.7719
12.7956
12.7957
12.7965
12.7973
12.8093
12.8116
12.8154
12.8176
12.8211
12.8343
12.8419
12.8548
12.8621
12.8658
12.8675
12.8765
12.8802
12.8805
12.9066
12.9067
12.9102
12.9175
12.9236
12.9439
12.9533
12.9566
12.9589
12.9636
12.9847
12.9858
12.9864
12.9917
12.9939
13.0435
13.0492
13.0602
13.0676
13.0725
13.0805
13.1115
13.1222
13.1291
13.1375
13.138
13.1442
13.1471
13.1562
13.1565
13.1696
13.1816
13.1843
13.1999
13.2105
13.212
13.212
13.2219
13.2237
13.2336
13.24
13.2515
13.2738
13.2754
13.2768
13.277
13.2811
13.2837
13.2909
13.2914
13.2996
13.3131
13.3244
13.3263
13.3336
13.3736
13.4168
13.4215
13.4273
13.4288
13.4328
13.4378
13.4406
13.4555
13.4584
13.4632
13.4721
13.4801
13.4811
13.482
13.4873
13.4919
13.4935
13.5015
13.5366
13.5477
13.5632
13.5677
13.5721
13.5728
13.5796
13.5948
13.6035
13.6152
13.6205
13.6223
13.6327
13.6367
13.6476
13.6535
13.6726
13.6814
13.6952
13.7117
13.7126
13.7133
13.735
13.7439
13.7474
13.7655
13.7661
13.7926
13.8001
13.8155
13.8192
13.8297
13.8361
13.8376
13.8399
13.8531
13.8545
13.8582
13.8588
13.8854
13.9148
13.9439
13.9454
13.9512
13.9554
13.9706
13.9968
14
14.0014
14.0144
14.0169
14.0225
14.0755
14.1241
14.1302
14.133
14.1362
14.1409
14.1523
14.1608
14.1758
14.1813
14.1825
14.1926
14.2023
14.2035
14.2065
14.2129
14.2217
14.2242
14.2372
14.2478
14.2488
14.2567
14.2611
14.2686
14.2819
14.2822
14.2982
14.3139
14.3188
14.3529
14.3542
14.3605
14.3739
14.3941
14.4222
14.4409
14.4433
14.4478
14.4681
14.4702
14.4751
14.4756
14.4911
14.4987
14.4988
14.5017
14.5059
14.5452
14.5674
14.5742
14.5888
14.5973
14.6153
14.6166
14.6167
14.6345
14.6416
14.658
14.6614
14.6853
14.6999
14.7152
14.7329
14.7508
14.7526
14.7761
14.7829
14.8048
14.8131
14.8254
14.8309
14.8331
14.8408
14.8544
14.8554
14.8561
14.8762
14.8999
14.9114
14.9167
14.9193
14.9211
14.9227
14.9318
14.9543
14.9612
14.9677
14.9787
14.986
14.9878
14.9922
14.995
15.0031
15.0085
15.021
15.032
15.0336
15.1024
15.1235
15.1241
15.1293
15.1295
15.1345
15.1466
15.1476
15.1528
15.1574
15.1766
15.199
15.2019
15.2234
15.2392
15.2573
15.2738
15.2966
15.2977
15.3097
15.3164
15.3288
15.3289
15.3378
15.338
15.3564
15.3593
15.3639
15.3702
15.3773
15.3888
15.3916
15.3952
15.3996
15.4142
15.425
15.4438
15.4478
15.4608
15.4681
15.4819
15.4838
15.4848
15.5013
15.5254
15.5442
15.5476
15.5563
15.5717
15.5797
15.5947
15.6401
15.6451
15.6453
15.6498
15.6763
15.6779
15.6854
15.6879
15.6916
15.6975
15.7391
15.7885
15.7983
15.7996
15.7999
15.8058
15.8128
15.8366
15.8507
15.874
15.8856
15.8957
15.9324
15.9345
15.9426
15.9574
15.9665
15.9739
15.9793
15.9794
16.0137
16.0329
16.0395
16.0432
16.062
16.0719
16.0765
16.095
16.1
16.1305
16.1397
16.1432
16.1468
16.1571
16.1653
16.1685
16.1902
16.2064
16.2275
16.2323
16.2329
16.236
16.2612
16.2713
16.2843
16.2872
16.2934
16.2997
16.3099
16.3474
16.3487
16.4006
16.4029
16.4133
16.4197
16.4252
16.4328
16.4346
16.4389
16.4515
16.4621
16.4711
16.4867
16.4888
16.4939
16.5114
16.5159
16.5159
16.5239
16.5314
16.5329
16.5374
16.5605
16.5672
16.5861
16.5892
16.5957
16.6014
16.607
16.609
16.6362
16.6451
16.6485
16.6562
16.6698
16.6721
16.673
16.6944
16.7018
16.709
16.7322
16.7525
16.7556
16.7624
16.763
16.7764
16.7782
16.7782
16.7787
16.7867
16.8049
16.8126
16.8147
16.8171
16.8245
16.827
16.8317
16.84
16.8478
16.8507
16.8538
16.8872
16.9459
16.952
16.988
16.9908
16.9996
17.0152
17.0262
17.0278
17.0317
17.0326
17.0378
17.0545
17.0548
17.0623
17.0748
17.0829
17.1153
17.1267
17.1315
17.1376
17.1379
17.1539
17.1603
17.1705
17.1858
17.19
17.1912
17.1979
17.2005
17.204
17.2041
17.209
17.2118
17.2223
17.2416
17.2553
17.2815
17.3073
17.3163
17.3299
17.3547
17.3646
17.3865
17.3945
17.3951
17.4061
17.4095
17.4409
17.4552
17.4559
17.4875
17.5166
17.5259
17.5312
17.5556
17.5572
17.5601
17.5651
17.5678
17.5785
17.599
17.6044
17.6075
17.6079
17.6154
17.6305
17.6312
17.6417
17.6485
17.6574
17.6598
17.6675
17.6806
17.6953
17.7237
17.7373
17.744
17.7588
17.7831
17.7847
17.7988
17.8133
17.8417
17.865
17.8674
17.8688
17.8695
17.882
17.8841
17.8873
17.8924
17.9009
17.9062
17.9086
17.9113
17.9174
17.9222
17.9338
17.9378
17.9564
17.9571
17.9629
17.9644
17.9653
17.9903
18.0017
18.0028
18.0042
18.0168
18.0182
18.0208
18.0223
18.03
18.0517
18.0543
18.0548
18.059
18.0669
18.0686
18.0693
18.0693
18.07
18.0783
18.0819
18.0983
18.1004
18.1075
18.1126
18.1327
18.1573
18.1578
18.1604
18.162
18.2001
18.2111
18.2444
18.2564
18.2736
18.275
18.2773
18.2778
18.2869
18.3198
18.3338
18.3435
18.3466
18.3588
18.3667
18.375
18.3819
18.3954
18.4053
18.4061
18.4218
18.4394
18.4441
18.4472
18.4501
18.457
18.46
18.4777
18.4905
18.4908
18.4974
18.5098
18.5244
18.5293
18.5376
18.5476
18.5476
18.5692
18.5741
18.5905
18.6064
18.6225
18.6249
18.6278
18.644
18.6442
18.6479
18.6636
18.6685
18.6726
18.6733
18.6823
18.6935
18.6984
18.7029
18.7064
18.7284
18.755
18.7831
18.7851
18.8179
18.8216
18.8382
18.8415
18.8605
18.8786
18.8952
18.9084
18.9153
18.9189
18.9249
18.9297
18.9331
18.9476
18.9515
18.9577
18.9684
18.9699
18.977
18.9862
18.9906
19.0072
19.0161
19.0162
19.0168
19.0233
19.0275
19.0443
19.0481
19.0814
19.0942
19.1004
19.1243
19.1368
19.1379
19.138
19.1447
19.1486
19.1539
19.1569
19.1619
19.1774
19.1859
19.1933
19.2102
19.2129
19.2316
19.2318
19.246
19.2732
19.2751
19.277
19.2978
19.304
19.3199
19.3225
19.326
19.3369
19.3425
19.3626
19.367
19.3756
19.3804
19.3941
19.4019
19.4117
19.4495
19.4532
19.4629
19.4637
19.469
19.4742
19.4793
19.4814
19.5017
19.5018
19.5052
19.5107
19.517
19.5256
19.5325
19.5434
19.5498
19.5511
19.5512
19.5702
19.5724
19.573
19.5785
19.5803
19.595
19.6072
19.6149
19.63
19.6397
19.6445
19.6521
19.6702
19.6902
19.7138
19.7268
19.7408
19.7454
19.7578
19.7582
19.774
19.7766
19.7916
19.8221
19.8256
19.8286
19.8373
19.8461
19.8554
19.8559
19.8735
19.8864
19.9039
19.907
19.91
19.9244
19.9265
19.9291
19.9453
19.9551
19.959
19.9695
19.9865
19.9873
20.0012
20.0065
20.0398
20.0419
20.0472
20.0609
20.0625
20.0776
20.0778
20.0812
20.0831
20.105
20.1338
20.1364
20.1567
20.157
20.1783
20.1854
20.1959
20.1997
20.2064
20.2112
20.2141
20.2306
20.2309
20.236
20.2413
20.2441
20.2485
20.2555
20.2656
20.2676
20.285
20.2908
20.2964
20.3082
20.3227
20.3251
20.3264
20.3437
20.3699
20.3705
20.3726
20.376
20.3764
20.397
20.4043
20.4197
20.4343
20.4369
20.4705
20.4827
20.4828
20.4981
20.5071
20.5158
20.5478
20.56
20.5721
20.5805
20.5917
20.5952
20.5956
20.6134
20.639
20.6434
20.6709
20.6713
20.674
20.6763
20.6836
20.6918
20.696
20.7074
20.7121
20.7171
20.749
20.7621
20.7654
20.8011
20.8068
20.8321
20.8681
20.8687
20.8895
20.8915
20.8923
20.8976
20.903
20.9032
20.9117
20.9218
20.9463
20.9613
20.9618
20.9668
20.9767
21.0053
21.0209
21.0291
21.0302
21.0468
21.0619
21.0625
21.065
21.0667
21.0757
21.0808
21.1032
21.1076
21.1143
21.1191
21.1211
21.1286
21.1508
21.158
21.1801
21.1859
21.1887
21.1889
21.1914
21.1924
21.2008
21.2175
21.2184
21.2393
21.2469
21.2556
21.2571
21.2676
21.2687
21.2769
21.2777
21.2786
21.2969
21.2977
21.2992
21.311
21.3125
21.3222
21.327
21.3354
21.3773
21.3795
21.3921
21.3963
21.4003
21.4035
21.4068
21.4185
21.4229
21.4377
21.4442
21.446
21.45
21.457
21.459
21.4708
21.4715
21.492
21.4931
21.5059
21.5088
21.5109
21.5128
21.5205
21.5394
21.5435
21.5551
21.5552
21.5599
21.5629
21.5679
21.5803
21.5943
21.5951
21.6096
21.6158
21.6264
21.6491
21.6492
21.6535
21.6672
21.6715
21.6925
21.7
21.7092
21.7097
21.7139
21.7162
21.7238
21.7441
21.7465
21.7479
21.7526
21.7574
21.7663
21.781
21.7816
21.7825
21.7849
21.785
21.788
21.8118
21.8133
21.8144
21.8404
21.8479
21.8491
21.8816
21.887
21.8981
21.903
21.9035
21.9065
21.9131
21.958
21.9678
21.9897
22.0052
22.0176
22.0377
22.0482
22.0673
22.0705
22.0746
22.0949
22.0993
22.1006
22.1034
22.1119
22.1182
22.1222
22.1429
22.1527
22.1565
22.1581
22.1725
22.1747
22.1814
22.196
22.2022
22.206
22.2097
22.2115
22.2192
22.223
22.2355
22.2508
22.2523
22.2622
22.2817
22.3075
22.3182
22.3191
22.3399
22.342
22.3465
22.3496
22.357
22.3956
22.3973
22.3976
22.4321
22.469
22.476
22.4819
22.4879
22.494
22.4949
22.5003
22.5074
22.5149
22.5211
22.5262
22.5267
22.5321
22.5382
22.5418
22.5508
22.5997
22.6036
22.615
22.6227
22.6235
22.6434
22.6492
22.6551
22.6599
22.6631
22.6676
22.6709
22.6735
22.6782
22.6924
22.6991
22.701
22.7166
22.7181
22.722
22.738
22.7387
22.7538
22.7621
22.7635
22.7687
22.7701
22.786
22.7946
22.797
22.8047
22.8097
22.8193
22.8266
22.838
22.8572
22.8589
22.9027
22.9097
22.9114
22.913
22.9319
22.9435
22.9598
22.9737
22.9746
22.997
22.998
22.9992
23.0004
23.0156
23.0238
23.0632
23.0748
23.0764
23.0908
23.1191
23.1193
23.1241
23.1245
23.1266
23.1298
23.1887
23.1889
23.1892
23.2044
23.2084
23.2274
23.232
23.2355
23.24
23.2403
23.2442
23.2481
23.264
23.269
23.2766
23.3012
23.3185
23.32
23.3287
23.3337
23.3543
23.3627
23.3644
23.3661
23.3675
23.376
23.4001
23.4083
23.4273
23.4507
23.4514
23.4766
23.488
23.4881
23.4979
23.5122
23.5296
23.5473
23.5481
23.5537
23.5628
23.5838
23.6049
23.6208
23.6231
23.6278
23.6464
23.6796
23.7111
23.7151
23.7368
23.7405
23.7447
23.7654
23.7825
23.805
23.8065
23.8252
23.8295
23.8319
23.8354
23.8415
23.8489
23.8763
23.8808
23.8881
23.8924
23.8929
23.9222
23.9502
23.9603
23.9698
23.9801
23.9829
23.9947
24.0076
24.0109
24.0222
24.0545
24.0572
24.0655
24.0838
24.0926
24.1098
24.1245
24.1397
24.1501
24.1591
24.1745
24.1773
24.1807
24.1877
24.1921
24.208
24.2124
24.215
24.2351
24.2526
24.2558
24.2605
24.2615
24.2724
24.2844
24.286
24.3352
24.3753
24.3766
24.3865
24.3876
24.3891
24.3978
24.4138
24.4189
24.4285
24.4309
24.432
24.4562
24.4828
24.5019
24.5039
24.5121
24.5242
24.5277
24.5409
24.5501
24.5575
24.5829
24.5997
24.6217
24.6319
24.6469
24.6507
24.6587
24.6741
24.6828
24.7037
24.7118
24.7157
24.7282
24.7327
24.7555
24.7585
24.7848
24.8213
24.8224
24.8255
24.8364
24.8425
24.8495
24.8518
24.8868
24.8986
24.9147
24.9184
24.943
24.947
24.9549
24.9639
24.9643
24.9659
24.9665
25.0024
25.0115
25.0419
25.0435
25.0492
25.0538
25.0544
25.0545
25.0754
25.076
25.0805
25.0831
25.094
25.1336
25.1512
25.1791
25.192
25.2256
25.2277
25.2289
25.2499
25.2581
25.259
25.2633
25.2683
25.2775
25.2823
25.2836
25.2941
25.2956
25.315
25.3175
25.3182
25.3206
25.3329
25.3336
25.3403
25.3427
25.3592
25.3808
25.3904
25.3925
25.3943
25.4018
25.416
25.4269
25.4542
25.4643
25.4762
25.4824
25.4839
25.4912
25.4941
25.5002
25.5102
25.5138
25.5211
25.5226
25.5251
25.5352
25.5547
25.5574
25.5766
25.5935
25.5936
25.6186
25.62
25.6392
25.6585
25.6673
25.6675
25.6721
25.7268
25.7699
25.7785
25.7843
25.7861
25.7871
25.7941
25.7975
25.8296
25.8568
25.8606
25.8683
25.8739
25.8756
25.8807
25.8872
25.9029
25.9068
25.9099
25.9185
25.9246
25.9272
25.933
25.9357
25.9369
25.9446
25.9475
26.0185
26.0316
26.0351
26.0366
26.0408
26.0461
26.0667
26.0687
26.0687
26.0762
26.0779
26.1031
26.1043
26.1143
26.1304
26.133
26.1438
26.1461
26.162
26.1827
26.1828
26.1846
26.1908
26.2049
26.2175
26.2213
26.2273
26.2439
26.2965
26.2977
26.2979
26.2998
26.313
26.3354
26.3367
26.3462
26.3643
26.3954
26.4022
26.4376
26.4477
26.4622
26.4841
26.4945
26.5046
26.5244
26.5351
26.5361
26.5486
26.5564
26.5672
26.5695
26.5732
26.5888
26.5921
26.6017
26.6169
26.6204
26.6375
26.6475
26.648
26.6493
26.6832
26.6838
26.7043
26.7181
26.7218
26.722
26.732
26.7325
26.738
26.746
26.7668
26.7783
26.7805
26.8087
26.8088
26.8176
26.8298
26.8429
26.8504
26.8658
26.8678
26.8719
26.8872
26.9064
26.9111
26.9449
26.9524
26.9933
27.0246
27.0434
27.0438
27.047
27.0555
27.0587
27.0794
27.0798
27.089
27.1002
27.118
27.1201
27.1254
27.1471
27.1559
27.1677
27.1757
27.183
27.211
27.2362
27.2478
27.248
27.2667
27.2725
27.273
27.2753
27.2891
27.2905
27.3016
27.306
27.3107
27.3216
27.3217
27.3239
27.3537
27.3797
27.3813
27.3838
27.3912
27.4071
27.4156
27.4227
27.424
27.4704
27.4769
27.487
27.4937
27.5001
27.5218
27.548
27.5529
27.5553
27.5635
27.5656
27.5763
27.5782
27.5856
27.587
27.5882
27.6101
27.6149
27.6156
27.6181
27.6278
27.666
27.686
27.6912
27.6985
27.7404
27.7431
27.7664
27.7938
27.798
27.8188
27.8192
27.8238
27.8393
27.8409
27.8557
27.8581
27.8635
27.8641
27.8651
27.8823
27.9003
27.913
27.9139
27.9544
27.9705
28.0451
28.05
28.0684
28.0701
28.0725
28.0923
28.0958
28.0996
28.0999
28.108
28.1288
28.1313
28.1353
28.1523
28.1627
28.1793
28.1921
28.1944
28.2572
28.2673
28.2684
28.2835
28.2918
28.3017
28.3116
28.3214
28.3299
28.3586
28.3694
28.3744
28.4168
28.4325
28.4609
28.4614
28.477
28.4796
28.4832
28.5002
28.5143
28.5409
28.5527
28.5618
28.5675
28.5693
28.5723
28.5784
28.5884
28.5895
28.6122
28.6168
28.6428
28.6552
28.6557
28.6581
28.6587
28.6637
28.6641
28.6797
28.6907
28.6995
28.7093
28.7235
28.7507
28.7782
28.7805
28.781
28.7886
28.7991
28.8172
28.8278
28.8281
28.8483
28.8864
28.8987
28.9321
28.9682
28.9689
28.9769
28.985
28.9896
29.0073
29.0243
29.03
29.0501
29.0546
29.0552
29.0656
29.0662
29.0672
29.0791
29.0964
29.1027
29.1054
29.1062
29.1079
29.117
29.142
29.1575
29.1792
29.1906
29.1961
29.199
29.2036
29.2092
29.2351
29.2569
29.2875
29.2923
29.2952
29.3089
29.3297
29.3306
29.3319
29.3336
29.3388
29.3423
29.3438
29.3555
29.3656
29.3668
29.3835
29.3972
29.4097
29.418
29.4405
29.4433
29.4435
29.4531
29.4729
29.4844
29.5109
29.515
29.5254
29.5306
29.5343
29.5345
29.5375
29.5385
29.5394
29.5447
29.5519
29.5552
29.5573
29.5655
29.5987
29.6168
29.6251
29.626
29.6472
29.6474
29.6649
29.6714
29.6923
29.7029
29.7038
29.7127
29.7358
29.736
29.7506
29.7622
29.7653
29.7663
29.7896
29.7912
29.7949
29.8052
29.8064
29.8174
29.8338
29.8364
29.8385
29.8398
29.8419
29.8454
29.8616
29.8808
29.8915
29.8927
29.8946
29.8977
29.9035
29.9052
29.91
29.9169
29.9279
29.9412
29.945
29.9452
29.9463
29.9693
29.9811
29.9832
29.986
29.9919
30.0284
30.0416
30.0433
30.0508
30.0518
30.0576
30.0623
30.0736
30.1077
30.1118
30.1175
30.1238
30.1384
30.1485
30.1542
30.1764
30.1827
30.1847
30.1913
30.2445
30.2469
30.2674
30.2727
30.2807
30.2843
30.301
30.3011
30.3063
30.315
30.3176
30.3614
30.3726
30.3733
30.3795
30.3825
30.3914
30.3961
30.4214
30.4247
30.4306
30.4316
30.4664
30.4707
30.475
30.4752
30.4758
30.4931
30.5012
30.5297
30.5338
30.5495
30.5535
30.5705
30.5719
30.5778
30.5936
30.5963
30.6069
30.6145
30.6167
30.6651
30.6718
30.6753
30.6832
30.6862
30.712
30.7224
30.7352
30.7393
30.741
30.7428
30.7463
30.7503
30.7515
30.7547
30.8022
30.8027
30.8073
30.8117
30.8167
30.8187
30.8263
30.8308
30.8497
30.8656
30.884
30.8842
30.8929
30.8957
30.9017
30.9494
30.9512
30.9925
30.9991
31.0156
31.018
31.049
31.0812
31.0845
31.0855
31.0964
31.1147
31.1192
31.124
31.1329
31.1495
31.1564
31.1581
31.1771
31.197
31.2077
31.223
31.2346
31.2484
31.2508
31.252
31.2653
31.2677
31.2708
31.273
31.286
31.2921
31.303
31.3066
31.3176
31.3234
31.3245
31.3261
31.3334
31.3475
31.3574
31.3631
31.3675
31.3734
31.3907
31.4325
31.437
31.4517
31.4935
31.4964
31.4972
31.5005
31.5026
31.5171
31.5212
31.5213
31.5228
31.5258
31.5304
31.5374
31.5686
31.599
31.6111
31.6197
31.6246
31.633
31.6354
31.655
31.6589
31.6819
31.6962
31.7042
31.714
31.7167
31.7207
31.7215
31.7318
31.738
31.7558
31.781
31.7823
31.7824
31.7961
31.8232
31.8257
31.8268
31.8288
31.8369
31.8398
31.8453
31.849
31.8624
31.8625
31.8817
31.8982
31.9145
31.9298
31.9411
31.9563
31.9855
32.0046
32.0064
32.0066
32.0203
32.0239
32.0809
32.0879
32.0894
32.0953
32.1086
32.1129
32.1141
32.1151
32.1228
32.133
32.1467
32.1867
32.1921
32.1983
32.2017
32.206
32.2173
32.223
32.2473
32.2511
32.2533
32.2569
32.271
32.2736
32.2901
32.2919
32.2975
32.3418
32.3589
32.3646
32.3678
32.3823
32.3875
32.4079
32.4206
32.4222
32.425
32.4326
32.4964
32.4972
32.4988
32.5069
32.5179
32.5274
32.5328
32.5341
32.5415
32.545
32.5513
32.5528
32.5644
32.5672
32.5734
32.5755
32.5787
32.581
32.5825
32.5904
32.6172
32.624
32.6241
32.6361
32.6571
32.6644
32.6699
32.6737
32.7045
32.7146
32.7371
32.745
32.7461
32.7484
32.757
32.7586
32.7705
32.7711
32.7797
32.7798
32.7804
32.7824
32.807
32.8142
32.8236
32.8825
32.8827
32.888
32.8896
32.9049
32.9125
32.9131
32.9169
32.9175
32.9186
32.927
32.9299
32.9412
32.9466
32.9639
32.9676
32.9705
32.9763
33.0003
33.0234
33.0396
33.0684
33.0787
33.0808
33.0814
33.086
33.1115
33.1353
33.1355
33.1495
33.1495
33.1554
33.1872
33.1977
33.215
33.2181
33.2184
33.2239
33.2266
33.2339
33.2448
33.2522
33.2609
33.2684
33.2818
33.2908
33.3005
33.3134
33.3316
33.3323
33.3358
33.3411
33.3471
33.3564
33.3685
33.3709
33.3951
33.3954
33.4063
33.414
33.4267
33.4299
33.4661
33.4756
33.4821
33.4879
33.4899
33.4915
33.4933
33.5304
33.5317
33.5361
33.537
33.5468
33.5493
33.5551
33.561
33.5747
33.5798
33.6
33.6045
33.6299
33.6438
33.6546
33.6628
33.6721
33.6746
33.6928
33.7191
33.7377
33.7389
33.7612
33.7811
33.7991
33.8047
33.8051
33.8092
33.8152
33.8427
33.868
33.8729
33.8866
33.8904
33.9013
33.9015
33.9131
33.9266
33.9554
33.9653
33.9818
34.0119
34.022
34.0242
34.0322
34.0328
34.0339
34.0398
34.0645
34.101
34.1134
34.1158
34.1205
34.1418
34.1464
34.152
34.1542
34.1551
34.1676
34.1909
34.1938
34.1952
34.1969
34.2045
34.2092
34.2165
34.2245
34.2327
34.2333
34.2661
34.2674
34.2787
34.2983
34.3009
34.3048
34.3056
34.3062
34.3071
34.3166
34.3243
34.3649
34.3749
34.384
34.386
34.393
34.4047
34.4111
34.4221
34.4325
34.4328
34.4383
34.4512
34.4751
34.4933
34.514
34.5159
34.52
34.5472
34.5731
34.5939
34.6136
34.6233
34.6301
34.6374
34.6575
34.6595
34.6748
34.6865
34.6997
34.7189
34.7347
34.7359
34.7423
34.7605
34.7609
34.7618
34.7714
34.7773
34.7904
34.7939
34.8115
34.8528
34.8998
34.9136
34.9629
34.9647
34.9678
34.9806
34.9818
34.9928
35.0008
35.0099
35.0161
35.0281
35.0286
35.0357
35.0375
35.0458
35.0707
35.0739
35.0897
35.1137
35.1356
35.14
35.1791
35.1797
35.1859
35.1873
35.1879
35.2039
35.2152
35.2207
35.2229
35.2358
35.2406
35.2493
35.254
35.2554
35.259
35.2706
35.2761
35.2762
35.2819
35.2906
35.2964
35.301
35.3194
35.3233
35.3246
35.3338
35.3583
35.3604
35.382
35.3866
35.3882
35.3917
35.4147
35.4346
35.442
35.4436
35.4523
35.4638
35.4845
35.4881
35.5055
35.5163
35.526
35.5349
35.5472
35.5556
35.5611
35.5662
35.5683
35.6021
35.6226
35.6345
35.6385
35.6399
35.6408
35.6728
35.6823
35.686
35.6907
35.7064
35.7072
35.7089
35.7097
35.7216
35.7418
35.7476
35.749
35.7648
35.7666
35.7713
35.785
35.7905
35.8127
35.8272
35.8282
35.8599
35.8648
35.8699
35.9053
35.9262
35.9282
35.9284
35.9289
35.9296
35.9324
35.9492
35.9535
35.9597
35.9787
36.0077
36.0106
36.0323
36.0444
36.0859
36.0861
36.1042
36.1132
36.1294
36.1388
36.1445
36.1526
36.1568
36.1574
36.1582
36.1807
36.1925
36.1978
36.2367
36.2557
36.2805
36.2902
36.2916
36.3104
36.3186
36.3333
36.3378
36.3441
36.3479
36.3551
36.3561
36.3603
36.3667
36.3879
36.3915
36.4057
36.4198
36.4282
36.4464
36.4533
36.4599
36.4665
36.4708
36.484
36.4852
36.4875
36.5124
36.513
36.5206
36.5232
36.5244
36.5908
36.6036
36.6441
36.6573
36.6593
36.6781
36.6847
36.6983
36.7194
36.7282
36.7623
36.7625
36.7643
36.7664
36.7861
36.7921
36.8023
36.8072
36.8139
36.8252
36.8324
36.8355
36.8412
36.8485
36.866
36.8773
36.8803
36.9025
36.9541
36.958
36.9626
36.977
36.9913
36.9934
36.9969
37.0092
37.018
37.0536
37.0617
37.0717
37.0922
37.0925
37.0958
37.1101
37.1223
37.1232
37.1288
37.1316
37.1337
37.1403
37.1478
37.155
37.1551
37.1555
37.1839
37.2007
37.2211
37.2266
37.2326
37.2376
37.2415
37.2478
37.2494
37.281
37.2864
37.2936
37.294
37.2962
37.3007
37.3029
37.322
37.3331
37.3682
37.3785
37.3878
37.3945
37.4319
37.4331
37.4348
37.4439
37.4515
37.4651
37.4813
37.4878
37.4906
37.5025
37.5105
37.5205
37.5307
37.5432
37.5447
37.5512
37.5548
37.5586
37.5789
37.5849
37.5935
37.5949
37.5982
37.6065
37.6102
37.6342
37.636
37.6489
37.6509
37.662
37.6787
37.7244
37.7308
37.7671
37.7834
37.789
37.8012
37.8148
37.8304
37.85
37.8515
37.858
37.9051
37.9201
37.9351
37.939
37.9419
37.9457
37.9647
37.9876
38.0382
38.049
38.067
38.0747
38.079
38.0881
38.1017
38.1032
38.1039
38.108
38.1338
38.1346
38.149
38.149
38.1508
38.1509
38.155
38.1554
38.1713
38.1774
38.1779
38.191
38.1945
38.2018
38.2121
38.2171
38.2325
38.2333
38.2626
38.2664
38.2795
38.2859
38.2869
38.2876
38.2963
38.3218
38.3245
38.3249
38.3273
38.3334
38.3397
38.3516
38.3534
38.3841
38.4032
38.4086
38.421
38.4406
38.442
38.4424
38.4511
38.4574
38.4755
38.4762
38.4815
38.4819
38.4877
38.4879
38.4984
38.5176
38.5268
38.5284
38.5361
38.5475
38.5676
38.5711
38.5778
38.5788
38.5961
38.6167
38.6221
38.6335
38.6384
38.6517
38.6551
38.6584
38.6651
38.7005
38.7005
38.7039
38.7296
38.7325
38.7522
38.7549
38.7821
38.7829
38.7856
38.7929
38.7937
38.8061
38.8072
38.8163
38.823
38.8278
38.8316
38.8326
38.8431
38.8486
38.857
38.8581
38.8615
38.866
38.8713
38.8858
38.8976
38.8984
38.9111
38.9259
38.9314
38.9412
38.9889
39.0039
39.0115
39.021
39.0233
39.0246
39.0299
39.0451
39.0453
39.0545
39.0716
39.0864
39.0902
39.101
39.1147
39.1181
39.1196
39.1199
39.128
39.1354
39.1364
39.1578
39.1652
39.1972
39.1983
39.204
39.2063
39.2206
39.2274
39.232
39.2469
39.252
39.2666
39.2756
39.3146
39.3222
39.3226
39.3317
39.3366
39.3377
39.3382
39.359
39.3747
39.3824
39.4069
39.422
39.4404
39.4469
39.4566
39.4691
39.4728
39.4778
39.4906
39.4908
39.4987
39.507
39.5202
39.538
39.5442
39.5517
39.5551
39.5752
39.5864
39.5983
39.608
39.6123
39.6348
39.6395
39.6401
39.6403
39.6462
39.6475
39.6616
39.6768
39.6876
39.6982
39.7077
39.7188
39.7281
39.7425
39.7455
39.7483
39.7535
39.7681
39.7788
39.7829
39.7956
39.7988
39.8033
39.8035
39.808
39.8144
39.8207
39.8221
39.8274
39.8326
39.833
39.8391
39.8582
39.8682
39.8688
39.8739
39.8753
39.877
39.8848
39.9063
39.9341
39.9402
39.9422
39.9437
39.958
39.973
39.989
40.0012
40.0081
40.0258
40.0339
40.0707
40.0841
40.0851
40.129
40.1325
40.1385
40.1397
40.1408
40.152
40.1571
40.1636
40.166
40.17
40.172
40.1946
40.1953
40.1968
40.2025
40.2165
40.2259
40.2537
40.264
40.2793
40.3092
40.3098
40.3266
40.3314
40.3541
40.3542
40.36
40.3886
40.3926
40.3954
40.4007
40.4098
40.4209
40.4535
40.4553
40.4642
40.4788
40.4852
40.4957
40.4981
40.5301
40.5336
40.5611
40.5636
40.5736
40.6672
40.6829
40.712
40.7359
40.7433
40.7502
40.7939
40.7952
40.8626
40.8731
40.8741
40.8758
40.876
40.8968
40.9072
40.9108
40.9235
40.9289
40.9425
40.9503
40.9655
40.9658
40.9697
40.9741
41.0134
41.0356
41.0386
41.0446
41.061
41.0636
41.0645
41.0741
41.076
41.0977
41.0989
41.1062
41.1119
41.1445
41.149
41.1657
41.1695
41.173
41.1862
41.1923
41.2002
41.2089
41.213
41.2183
41.2581
41.2667
41.2678
41.2684
41.2894
41.2906
41.3099
41.3215
41.3291
41.3445
41.3484
41.3694
41.3695
41.386
41.4123
41.4133
41.4247
41.4318
41.4361
41.4489
41.4533
41.4846
41.4853
41.4856
41.5032
41.5202
41.5284
41.5763
41.5795
41.585
41.5876
41.5973
41.6233
41.6276
41.6284
41.6337
41.6459
41.6504
41.6563
41.6578
41.6717
41.6802
41.6913
41.6974
41.7148
41.7149
41.7212
41.7449
41.7529
41.7536
41.7538
41.7563
41.761
41.7807
41.7882
41.795
41.8035
41.8092
41.8118
41.8188
41.8317
41.8317
41.8496
41.8744
41.9087
41.9281
41.935
41.9357
41.9425
41.9675
41.985
41.9984
42.005
42.019
42.0263
42.0464
42.054
42.0579
42.0853
42.0854
42.0904
42.1008
42.1058
42.1148
42.1244
42.1407
42.15
42.17
42.1767
42.1896
42.2051
42.2085
42.2088
42.2218
42.2379
42.2469
42.2643
42.265
42.2743
42.2797
42.2812
42.289
42.2909
42.2918
42.2989
42.303
42.3032
42.3035
42.3165
42.3201
42.3447
42.3541
42.3674
42.3766
42.3978
42.3988
42.4168
42.4251
42.4322
42.4413
42.4771
42.5024
42.5056
42.5167
42.5237
42.5316
42.5573
42.5797
42.5853
42.5894
42.6204
42.627
42.6433
42.6485
42.6572
42.6892
42.6933
42.7192
42.7217
42.7252
42.7494
42.7686
42.7906
42.8085
42.8171
42.839
42.8474
42.8496
42.8743
42.9009
42.9075
42.9078
42.9086
42.9127
42.9146
42.9205
42.9254
42.9426
42.9588
42.9609
42.9638
42.9675
42.9821
42.9829
42.9907
43.0106
43.0566
43.062
43.0702
43.0814
43.0885
43.0899
43.0945
43.1105
43.1147
43.1282
43.1284
43.1347
43.1364
43.1527
43.1565
43.1611
43.1745
43.1779
43.1792
43.2127
43.2364
43.2601
43.2635
43.2858
43.2864
43.3232
43.3323
43.3389
43.3407
43.343
43.3521
43.3528
43.3659
43.367
43.3981
43.4078
43.4087
43.4497
43.455
43.4567
43.4682
43.4861
43.4957
43.5085
43.5246
43.5285
43.534
43.5461
43.5593
43.5941
43.5953
43.6026
43.6118
43.6193
43.6281
43.6359
43.6492
43.6549
43.6659
43.6678
43.6723
43.679
43.6847
43.6899
43.6933
43.7009
43.7055
43.7136
43.7415
43.7477
43.7486
43.7571
43.758
43.7641
43.7744
43.79
43.798
43.7986
43.8073
43.8164
43.8342
43.8433
43.8571
43.864
43.8667
43.8795
43.8796
43.8849
43.891
43.8966
43.9091
43.9154
43.9161
43.9174
43.9518
43.9597
43.9656
43.9772
43.9856
43.9943
44.0097
44.0302
44.0502
44.0608
44.0652
44.0906
44.1
44.1223
44.1294
44.1352
44.1423
44.1482
44.1575
44.1608
44.1703
44.1736
44.2147
44.236
44.2431
44.2517
44.2549
44.2552
44.2621
44.2745
44.2877
44.298
44.3134
44.314
44.3372
44.3447
44.3553
44.3748
44.3772
44.3889
44.3894
44.3966
44.4174
44.4269
44.4286
44.4654
44.4854
44.4881
44.5236
44.5281
44.5302
44.5418
44.5528
44.5608
44.5707
44.5826
44.5893
44.5976
44.6302
44.6347
44.6424
44.6811
44.689
44.7033
44.7037
44.7067
44.7198
44.7422
44.7527
44.7584
44.796
44.7973
44.7978
44.8082
44.8455
44.8573
44.8708
44.8742
44.8952
44.8954
44.8978
44.9542
44.9556
44.9603
44.9915
44.9939
45.0019
45.0032
45.0063
45.01
45.0115
45.019
45.0211
45.045
45.0524
45.0647
45.0655
45.0722
45.0805
45.0899
45.0943
45.1134
45.119
45.1253
45.1774
45.1856
45.2064
45.2198
45.2201
45.2245
45.2259
45.2378
45.2446
45.2572
45.2592
45.261
45.266
45.2797
45.3183
45.3334
45.341
45.3454
45.369
45.3817
45.3845
45.3909
45.3942
45.406
45.4242
45.4257
45.4401
45.4405
45.4551
45.4609
45.4738
45.4748
45.4779
45.4856
45.4876
45.5355
45.5362
45.5379
45.5611
45.5664
45.5739
45.594
45.5975
45.6033
45.6095
45.6173
45.6295
45.6496
45.651
45.6621
45.6724
45.6974
45.712
45.7168
45.7185
45.7226
45.7309
45.7358
45.7789
45.7989
45.8133
45.8288
45.8297
45.8298
45.833
45.8401
45.8404
45.8422
45.8497
45.867
45.8733
45.8936
45.8968
45.9026
45.9224
45.9421
45.9545
45.9559
45.9743
45.9784
45.9895
46.0027
46.0034
46.0128
46.0137
46.0267
46.0276
46.043
46.0532
46.0682
46.0689
46.087
46.0911
46.0957
46.1059
46.1125
46.1182
46.1259
46.1266
46.1429
46.1446
46.1651
46.1727
46.2056
46.2165
46.2392
46.2434
46.2474
46.2579
46.2641
46.2701
46.274
46.2808
46.2827
46.2845
46.293
46.2938
46.3248
46.3434
46.364
46.378
46.3845
46.3984
46.3986
46.4039
46.4065
46.4346
46.4377
46.4453
46.4512
46.4536
46.456
46.468
46.4703
46.4854
46.4881
46.4948
46.5004
46.5274
46.5281
46.5349
46.539
46.5459
46.5466
46.5485
46.5773
46.6063
46.6072
46.6288
46.6301
46.6317
46.6339
46.6735
46.6783
46.6787
46.6922
46.6963
46.6997
46.73
46.7563
46.7777
46.7979
46.8
46.8017
46.8159
46.8397
46.8507
46.8532
46.8601
46.8882
46.9016
46.9145
46.9243
46.9365
46.9425
46.9721
46.9816
46.9854
47.0122
47.0168
47.0233
47.0401
47.0473
47.0576
47.0722
47.0746
47.0845
47.0847
47.0887
47.1036
47.1054
47.1068
47.1098
47.1326
47.1463
47.1497
47.1836
47.1921
47.1957
47.2035
47.2335
47.2428
47.2485
47.2525
47.2713
47.2732
47.2769
47.2776
47.2822
47.2855
47.2986
47.3007
47.3015
47.309
47.3276
47.3285
47.3298
47.3335
47.3337
47.3348
47.3367
47.3495
47.3636
47.3782
47.3825
47.3852
47.3889
47.3953
47.3959
47.3982
47.4302
47.4303
47.4339
47.4358
47.4435
47.4627
47.4718
47.4736
47.4759
47.5154
47.5233
47.5319
47.539
47.541
47.5426
47.5476
47.5577
47.5655
47.5769
47.5772
47.5817
47.583
47.5929
47.5981
47.6205
47.6335
47.6352
47.6638
47.6639
47.667
47.6723
47.6779
47.6783
47.6816
47.6867
47.6917
47.693
47.7039
47.712
47.7128
47.7221
47.7456
47.7467
47.7513
47.7571
47.7619
47.7656
47.7797
47.7889
47.7996
47.8177
47.8225
47.8383
47.8456
47.8547
47.8757
47.8852
47.8949
47.9137
47.9231
47.9535
47.9758
47.976
47.9774
47.9971
48.026
48.0403
48.0414
48.051
48.0764
48.1044
48.1176
48.1368
48.1684
48.1792
48.1861
48.1866
48.2019
48.2176
48.2204
48.2262
48.2284
48.2427
48.2511
48.2688
48.2716
48.2746
48.2769
48.3284
48.3375
48.3485
48.357
48.3611
48.3787
48.3843
48.3848
48.3875
48.3879
48.3916
48.4085
48.4105
48.4232
48.4364
48.4447
48.4493
48.5014
48.5044
48.5068
48.5416
48.5534
48.5722
48.5756
48.5823
48.5836
48.607
48.6101
48.6123
48.6129
48.6217
48.624
48.6371
48.6409
48.6413
48.6418
48.672
48.6855
48.6882
48.6887
48.706
48.7434
48.7465
48.7472
48.7569
48.7583
48.7708
48.7723
48.7917
48.8036
48.8184
48.82
48.8248
48.8402
48.8423
48.8468
48.8474
48.8618
48.8647
48.8791
48.8841
48.8906
48.895
48.9321
48.9554
48.9556
48.9656
48.9802
48.9819
49.0196
49.029
49.0301
49.0461
49.0485
49.0589
49.06
49.0619
49.0725
49.0953
49.104
49.1053
49.1104
49.1187
49.1239
49.1336
49.1354
49.1532
49.1588
49.1635
49.167
49.1752
49.1787
49.1873
49.2158
49.2335
49.2442
49.2477
49.2623
49.279
49.2824
49.3213
49.3244
49.3327
49.3498
49.3542
49.3602
49.3675
49.3682
49.3741
49.3747
49.3831
49.3897
49.4104
49.4206
49.4291
49.4361
49.4372
49.4428
49.4824
49.4975
49.5005
49.504
49.5158
49.5381
49.5473
49.5564
49.5598
49.5647
49.5647
49.6029
49.6351
49.6365
49.6375
49.6436
49.6619
49.6719
49.6989
49.6995
49.6996
49.7189
49.7253
49.7337
49.7494
49.751
49.7524
49.753
49.7836
49.7869
49.808
49.8305
49.8393
49.8544
49.8547
49.8588
49.8805
49.8851
49.9248
49.9392
49.9402
49.9673
49.9725
50.0086
50.0329
50.0602
50.0654
50.0773
50.0886
50.1248
50.129
50.1299
50.1365
50.1525
50.1627
50.1667
50.1731
50.1767
50.1872
50.1876
50.1974
50.2155
50.2191
50.2221
50.2331
50.2346
50.2362
50.2503
50.251
50.265
50.2685
50.2785
50.3022
50.3027
50.3071
50.3082
50.3089
50.3135
50.3153
50.319
50.3273
50.341
50.3469
50.3521
50.3537
50.3583
50.3599
50.3663
50.3703
50.3711
50.3838
50.388
50.4045
50.4181
50.4196
50.4238
50.4491
50.4566
50.4589
50.4771
50.4833
50.499
50.5001
50.5074
50.5106
50.5235
50.5334
50.5343
50.5353
50.5353
50.5414
50.5446
50.5499
50.5523
50.5594
50.5919
50.593
50.5955
50.6002
50.6037
50.6239
50.6258
50.6375
50.6558
50.6714
50.6816
50.6842
50.6859
50.6861
50.6945
50.6956
50.6972
50.7002
50.7044
50.7111
50.753
50.7616
50.7689
50.7827
50.7945
50.8044
50.8045
50.8095
50.8261
50.838
50.8422
50.8746
50.883
50.8978
50.9053
50.9081
50.919
50.9261
50.9421
50.9492
50.9774
50.9776
50.9805
50.9909
51.0042
51.0065
51.0109
51.0173
51.0187
51.0261
51.0557
51.0565
51.0744
51.0935
51.0984
51.1051
51.112
51.1247
51.13
51.167
51.1752
51.1775
51.1793
51.1798
51.1802
51.1812
51.2427
51.2818
51.2891
51.303
51.3061
51.317
51.3276
51.3301
51.3544
51.3668
51.3737
51.3859
51.3882
51.3909
51.3975
51.3994
51.4062
51.4267
51.452
51.4568
51.4659
51.4683
51.5024
51.5246
51.5468
51.5509
51.5662
51.5983
51.6041
51.6048
51.6092
51.6152
51.6416
51.6603
51.6664
51.6727
51.6777
51.6805
51.6811
51.6937
51.7084
51.7112
51.7201
51.7392
51.7424
51.7437
51.7576
51.7779
51.7819
51.7827
51.7833
51.7851
51.8026
51.8037
51.8146
51.8162
51.8206
51.8282
51.8311
51.8417
51.8483
51.8495
51.8548
51.8741
51.8837
51.8849
51.8889
51.8933
51.8968
51.907
51.9084
51.9183
51.9362
51.9408
51.9799
51.9995
52.0021
52.0115
52.0154
52.0201
52.0239
52.0243
52.0401
52.0408
52.0632
52.0877
52.0896
52.1067
52.1095
52.113
52.1261
52.1264
52.1306
52.1476
52.1504
52.1666
52.1683
52.1936
52.2144
52.2233
52.2349
52.2472
52.2539
52.2659
52.2842
52.2995
52.3044
52.3052
52.3166
52.3206
52.3284
52.336
52.3511
52.3556
52.363
52.3714
52.3761
52.3846
52.3896
52.3971
52.3973
52.3986
52.4126
52.4326
52.4488
52.4658
52.4682
52.4825
52.4929
52.5089
52.517
52.5351
52.5452
52.5497
52.5523
52.5526
52.554
52.5614
52.5681
52.5719
52.5756
52.5758
52.5777
52.5841
52.5973
52.6004
52.6235
52.6451
52.6466
52.6519
52.6791
52.6855
52.6967
52.7043
52.7048
52.7056
52.7114
52.7207
52.721
52.7323
52.7371
52.7565
52.7658
52.7677
52.7839
52.7864
52.7946
52.8071
52.8092
52.8154
52.8408
52.8424
52.8486
52.8497
52.8565
52.8595
52.8921
52.8971
52.8972
52.9026
52.9153
52.916
52.9276
52.941
52.9435
52.9436
52.9763
52.9842
53.0055
53.0189
53.0208
53.0219
53.0301
53.0311
53.0345
53.0367
53.0527
53.0618
53.1003
53.1047
53.108
53.1132
53.1157
53.1164
53.1204
53.1206
53.1248
53.1347
53.147
53.1603
53.1618
53.192
53.2014
53.2051
53.2052
53.2098
53.2121
53.2153
53.216
53.2345
53.2371
53.2397
53.2404
53.2427
53.2434
53.2839
53.2924
53.2955
53.2991
53.3012
53.3126
53.3202
53.3229
53.3315
53.3357
53.3427
53.3448
53.3508
53.3545
53.3642
53.367
53.3692
53.3771
53.3933
53.3935
53.4277
53.4398
53.4427
53.4517
53.4594
53.4708
53.4721
53.4878
53.5167
53.5716
53.5783
53.5788
53.6082
53.6087
53.6274
53.6326
53.6717
53.6834
53.688
53.6998
53.7233
53.7267
53.7312
53.736
53.7431
53.7495
53.753
53.7591
53.7606
53.7816
53.7985
53.8018
53.805
53.8155
53.816
53.8746
53.8761
53.8832
53.8909
53.892
53.8923
53.897
53.9001
53.9091
53.9373
53.9395
53.94
53.9427
53.9504
53.9661
53.9719
53.9754
53.982
53.9959
54.0017
54.0028
54.0062
54.0138
54.0252
54.0365
54.0367
54.06
54.0725
54.0814
54.0855
54.09
54.0979
54.1074
54.1188
54.1215
54.1328
54.1349
54.1415
54.1448
54.146
54.1513
54.155
54.1589
54.1626
54.1646
54.1982
54.2066
54.2423
54.2862
54.2881
54.2922
54.2926
54.3002
54.3624
54.3761
54.3762
54.3806
54.4056
54.4139
54.4193
54.4399
54.4503
54.4533
54.4573
54.4673
54.499
54.5079
54.5207
54.5257
54.5314
54.5435
54.5474
54.5552
54.5595
54.5637
54.5638
54.5689
54.5711
54.5775
54.582
54.5905
54.5914
54.6039
54.6044
54.6094
54.6326
54.6483
54.6509
54.6592
54.6624
54.6688
54.6809
54.7104
54.7125
54.7129
54.7221
54.7581
54.7605
54.7722
54.7757
54.7793
54.7806
54.782
54.7863
54.7919
54.7937
54.7951
54.8028
54.8239
54.8247
54.8392
54.8449
54.8525
54.8527
54.853
54.8723
54.8723
54.893
54.9099
54.9177
54.9398
54.9613
54.976
55.0185
55.0205
55.0392
55.0403
55.0528
55.0682
55.0758
55.0777
55.0945
55.1082
55.1277
55.13
55.1473
55.1505
55.1597
55.1641
55.1783
55.1853
55.1932
55.206
55.2227
55.2335
55.2344
55.246
55.2469
55.2631
55.2679
55.2759
55.281
55.2881
55.2925
55.3117
55.3234
55.3263
55.3393
55.3714
55.3717
55.3855
55.3914
55.3945
55.4077
55.41
55.4114
55.4309
55.4328
55.4362
55.438
55.4533
55.4646
55.4942
55.5123
55.5151
55.5178
55.5434
55.5476
55.5694
55.5749
55.581
55.5972
55.6072
55.608
55.6132
55.6215
55.6431
55.6439
55.652
55.6532
55.6572
55.6621
55.6932
55.6961
55.6979
55.6984
55.7097
55.7209
55.7318
55.734
55.7497
55.7782
55.7831
55.8187
55.8201
55.8216
55.8269
55.8367
55.8426
55.8533
55.873
55.9012
55.9079
55.9135
55.9288
55.9304
55.9407
55.9583
55.9744
55.9771
55.9829
55.983
55.9838
55.9845
55.997
56.0019
56.0086
56.0107
56.0341
56.0364
56.039
56.0473
56.0503
56.0525
56.0633
56.0706
56.0779
56.0889
56.09
56.0909
56.1129
56.1157
56.1232
56.1435
56.154
56.1557
56.159
56.1686
56.1948
56.1998
56.2102
56.2137
56.219
56.2212
56.2245
56.229
56.2342
56.2385
56.2481
56.252
56.2682
56.2727
56.2826
56.2889
56.2954
56.31
56.3177
56.323
56.3282
56.3285
56.3365
56.3451
56.3472
56.3539
56.3589
56.3783
56.3799
56.3965
56.4105
56.4299
56.4342
56.4837
56.4895
56.5044
56.5067
56.5139
56.5197
56.5255
56.5303
56.5452
56.5513
56.564
56.5687
56.5696
56.5905
56.6093
56.6586
56.6613
56.6671
56.6721
56.673
56.6777
56.6879
56.6923
56.6955
56.6993
56.7265
56.7274
56.7482
56.7501
56.7661
56.7725
56.7873
56.8049
56.8062
56.8149
56.8215
56.8414
56.843
56.8732
56.8783
56.8792
56.8832
56.8842
56.8923
56.9044
56.9362
56.9397
56.9545
56.9612
56.9736
56.9864
57.0041
57.0074
57.0255
57.0348
57.0376
57.0581
57.0635
57.066
57.0714
57.0726
57.075
57.1103
57.1491
57.211
57.2144
57.215
57.2269
57.2326
57.2588
57.2591
57.2636
57.264
57.2766
57.2819
57.29
57.3136
57.3183
57.3205
57.3335
57.3589
57.3596
57.3712
57.3755
57.3888
57.3893
57.3899
57.3991
57.407
57.428
57.4353
57.4391
57.4431
57.4633
57.5075
57.5121
57.5382
57.5438
57.5684
57.5724
57.5796
57.5801
57.5985
57.6005
57.6032
57.6048
57.6091
57.6547
57.6695
57.6786
57.6793
57.6828
57.6876
57.6886
57.6892
57.695
57.696
57.6983
57.7044
57.7215
57.734
57.7433
57.7537
57.7579
57.7702
57.7772
57.7795
57.8073
57.8159
57.8212
57.842
57.8501
57.8602
57.8636
57.8717
57.8832
57.8835
57.8942
57.9109
57.9196
57.9615
57.9646
57.9654
57.9906
58.0037
58.004
58.0044
58.0238
58.0368
58.0377
58.0696
58.0889
58.0902
58.0912
58.0944
58.0945
58.0957
58.0958
58.0969
58.1058
58.1149
58.122
58.1243
58.151
58.1571
58.1921
58.2233
58.2402
58.2404
58.2445
58.2635
58.2766
58.2776
58.2846
58.3075
58.3156
58.3203
58.3277
58.3487
58.3758
58.3892
58.4125
58.4207
58.4297
58.4382
58.4596
58.509
58.5117
58.5188
58.5292
58.5298
58.5981
58.6074
58.6084
58.6345
58.6433
58.6463
58.65
58.6571
58.66
58.6765
58.6972
58.7106
58.7148
58.7391
58.7506
58.756
58.764
58.7683
58.7688
58.7805
58.7877
58.7975
58.8076
58.8112
58.8125
58.8142
58.8182
58.8229
58.8788
58.8798
58.8901
58.8917
58.8942
58.8984
58.9118
58.9172
58.9276
58.9363
58.9466
58.9488
58.952
58.9555
58.9684
58.9966
59.0098
59.0161
59.0253
59.0394
59.0497
59.0548
59.0574
59.0608
59.0614
59.0655
59.0766
59.0973
59.0977
59.1077
59.1167
59.123
59.1291
59.1541
59.1579
59.1662
59.1712
59.2048
59.2222
59.2306
59.2399
59.2488
59.2605
59.264
59.2741
59.2824
59.2934
59.3019
59.3064
59.3087
59.3101
59.3153
59.3161
59.3263
59.337
59.3481
59.3547
59.356
59.3623
59.3759
59.3862
59.3883
59.3946
59.4247
59.428
59.4303
59.4495
59.4504
59.4642
59.4896
59.5023
59.5221
59.5242
59.5248
59.5315
59.5484
59.5535
59.5574
59.5761
59.5772
59.5917
59.5933
59.5981
59.6035
59.6058
59.6072
59.6268
59.6665
59.667
59.6706
59.6744
59.6772
59.682
59.6892
59.697
59.6996
59.7022
59.7066
59.7089
59.7145
59.7218
59.7402
59.7423
59.746
59.7587
59.7648
59.7972
59.7994
59.8166
59.8212
59.8232
59.8369
59.8609
59.8625
59.8641
59.8674
59.8763
59.8797
59.8944
59.901
59.9063
59.9299
59.9326
59.9331
59.9389
59.9556
59.9583
59.9702
59.9805
59.9817
60.0108
60.0236
60.0241
60.0344
60.0387
60.0461
60.0526
60.0545
60.0564
60.0611
60.0622
60.0712
60.0751
60.0811
60.0834
60.0911
60.0923
60.0985
60.1144
60.1251
60.1292
60.1386
60.142
60.1433
60.1462
60.1552
60.1555
60.1561
60.1565
60.1612
60.1655
60.193
60.1968
60.2014
60.214
60.2174
60.2572
60.2652
60.271
60.2837
60.2918
60.3035
60.3259
60.337
60.3608
60.3663
60.3665
60.3675
60.3699
60.3837
60.3839
60.3863
60.4003
60.4009
60.4172
60.4231
60.4362
60.4608
60.4611
60.4617
60.4626
60.4775
60.5
60.5074
60.5118
60.5158
60.5181
60.5213
60.5228
60.5237
60.5268
60.5334
60.5395
60.5429
60.5451
60.5541
60.5706
60.578
60.579
60.5851
60.5928
60.5938
60.5959
60.6026
60.6282
60.6285
60.6772
60.7016
60.732
60.7373
60.7408
60.7567
60.7677
60.7748
60.7784
60.7889
60.7891
60.8163
60.8184
60.8293
60.8457
60.8461
60.8841
60.8886
60.8896
60.8939
60.903
60.9037
60.909
60.912
60.94
60.9424
60.9524
60.954
60.9611
60.9951
60.996
61.0118
61.0149
61.0357
61.0439
61.0442
61.0501
61.0695
61.0751
61.0861
61.0884
61.0916
61.0972
61.1156
61.1275
61.1369
61.143
61.1453
61.1684
61.1891
61.1914
61.2057
61.2135
61.2378
61.2744
61.3359
61.362
61.3672
61.3695
61.3706
61.3726
61.3744
61.3891
61.39
61.3932
61.4004
61.418
61.4221
61.4317
61.4322
61.433
61.4351
61.4413
61.4702
61.4737
61.4741
61.4795
61.4804
61.493
61.5155
61.5356
61.5412
61.5528
61.5601
61.5654
61.57
61.5703
61.5704
61.5818
61.5876
61.5991
61.5995
61.6027
61.6125
61.6248
61.6272
61.6272
61.6509
61.6589
61.6723
61.6821
61.6881
61.7123
61.7149
61.7205
61.7209
61.7279
61.7292
61.7497
61.7505
61.7549
61.7618
61.7671
61.7996
61.817
61.864
61.8707
61.8894
61.8915
61.9001
61.9015
61.9056
61.9093
61.9189
61.9203
61.9208
61.9507
61.9633
62.0008
62.0041
62.0191
62.0217
62.036
62.0524
62.0542
62.0671
62.0681
62.0814
62.0944
62.1055
62.1299
62.1385
62.1419
62.15
62.1608
62.1657
62.1676
62.1706
62.1887
62.1914
62.2024
62.2037
62.2371
62.2387
62.2548
62.2645
62.2735
62.2784
62.2987
62.3163
62.338
62.3417
62.3436
62.347
62.347
62.3556
62.3601
62.3609
62.3914
62.3943
62.3959
62.4215
62.4284
62.4294
62.4352
62.4363
62.4601
62.4644
62.469
62.4701
62.4973
62.5028
62.5032
62.5046
62.5062
62.5135
62.5256
62.5579
62.5611
62.5749
62.5808
62.6013
62.6131
62.6251
62.6331
62.6416
62.6631
62.6997
62.7021
62.7095
62.7141
62.7213
62.7241
62.7384
62.7655
62.767
62.7722
62.7873
62.8043
62.8137
62.8495
62.8625
62.8654
62.8878
62.8942
62.8953
62.9206
62.9332
62.9401
62.961
62.9696
62.9723
62.9863
62.9884
63.0189
63.0248
63.0445
63.0561
63.0647
63.0649
63.0688
63.0753
63.0857
63.0959
63.112
63.1155
63.1605
63.1665
63.1779
63.1874
63.2236
63.2262
63.2345
63.247
63.2509
63.2515
63.3013
63.3064
63.3241
63.3293
63.3363
63.3366
63.3722
63.3767
63.3946
63.3956
63.4174
63.4303
63.4317
63.4318
63.4319
63.4365
63.4413
63.4429
63.4466
63.4502
63.4544
63.4661
63.4738
63.4828
63.5054
63.5082
63.518
63.5489
63.5494
63.5543
63.56
63.5647
63.5808
63.602
63.6058
63.6166
63.6199
63.6217
63.6265
63.6292
63.6469
63.6501
63.6538
63.6546
63.6793
63.691
63.7003
63.7409
63.7454
63.7494
63.7521
63.7569
63.7584
63.7846
63.7938
63.7942
63.7953
63.7954
63.7959
63.7971
63.8021
63.8054
63.8262
63.8287
63.8354
63.8356
63.8386
63.8513
63.8573
63.8591
63.8596
63.8682
63.8705
63.8778
63.8793
63.8833
63.8891
63.9154
63.918
63.9264
63.9278
63.9394
63.9482
63.9506
63.9578
63.9659
63.9688
63.9763
64.0006
64.0124
64.0219
64.047
64.0672
64.0788
64.0823
64.0854
64.0904
64.099
64.1021
64.1263
64.1264
64.1335
64.1657
64.1735
64.1849
64.1956
64.2114
64.2134
64.2146
64.228
64.2315
64.232
64.235
64.2506
64.2518
64.2519
64.2564
64.2861
64.2889
64.3051
64.3181
64.3247
64.3362
64.353
64.3658
64.3823
64.385
64.3908
64.3961
64.4059
64.4079
64.4102
64.4145
64.4365
64.4377
64.4457
64.4551
64.4575
64.4576
64.459
64.4719
64.4784
64.489
64.501
64.5051
64.5061
64.5248
64.543
64.5449
64.5471
64.5619
64.564
64.5682
64.5793
64.5896
64.5924
64.6205
64.6333
64.6341
64.6455
64.6521
64.658
64.6706
64.6776
64.6777
64.6825
64.6856
64.6917
64.7306
64.7369
64.7602
64.7653
64.7714
64.7898
64.7918
64.8092
64.8184
64.8268
64.8321
64.8373
64.8402
64.8533
64.857
64.8609
64.8717
64.8976
64.9097
64.9102
64.922
64.9259
64.9374
64.9635
64.9735
64.9781
64.9816
64.9848
64.9982
64.9996
65.0166
65.0314
65.0781
65.0797
65.0897
65.0963
65.0977
65.1076
65.1099
65.1118
65.1658
65.1854
65.1914
65.1969
65.207
65.227
65.2271
65.2363
65.2586
65.2611
65.2665
65.2762
65.2903
65.303
65.3072
65.3301
65.3497
65.3594
65.3987
65.4154
65.4222
65.4278
65.4412
65.4596
65.4649
65.4684
65.4724
65.4734
65.4819
65.4824
65.4854
65.4873
65.5112
65.5213
65.5236
65.5248
65.5279
65.5301
65.5521
65.5726
65.578
65.5787
65.5841
65.5843
65.5934
65.5961
65.6043
65.6111
65.6176
65.6195
65.6207
65.6305
65.651
65.6548
65.6697
65.6823
65.6929
65.701
65.7061
65.7125
65.7141
65.7557
65.7599
65.7604
65.7645
65.7746
65.7749
65.7797
65.7916
65.8055
65.8081
65.8172
65.8268
65.8327
65.8364
65.84
65.8783
65.8852
65.8895
65.8917
65.902
65.9023
65.9055
65.9072
65.9211
65.9352
65.9367
65.9516
65.961
65.9758
65.9931
65.9932
66.0115
66.0119
66.0246
66.0246
66.0507
66.0616
66.088
66.0938
66.0964
66.0969
66.1471
66.1516
66.1579
66.1611
66.1657
66.1678
66.1906
66.1983
66.2086
66.2206
66.2237
66.2261
66.23
66.2328
66.2329
66.263
66.276
66.2818
66.2854
66.2876
66.2911
66.2974
66.3066
66.3228
66.3285
66.3317
66.3337
66.3419
66.3606
66.3653
66.3723
66.3776
66.3782
66.4086
66.4096
66.4269
66.4403
66.4423
66.4526
66.4535
66.4744
66.4976
66.5201
66.5523
66.5536
66.5595
66.5638
66.5669
66.5724
66.5885
66.5917
66.5959
66.6142
66.6282
66.6337
66.6417
66.6644
66.6659
66.676
66.6982
66.7066
66.7114
66.7126
66.7145
66.7426
66.7459
66.7592
66.773
66.7906
66.7935
66.7942
66.8017
66.802
66.8071
66.8082
66.8258
66.8422
66.8455
66.8474
66.859
66.8627
66.8652
66.8673
66.8955
66.9038
66.9123
66.9129
66.9259
66.9285
66.9582
66.9877
66.9933
66.9939
66.9951
66.9953
67
67.0097
67.0132
67.0276
67.0448
67.0451
67.0475
67.0543
67.0565
67.0573
67.0574
67.0589
67.0667
67.0749
67.0925
67.0977
67.1095
67.1147
67.12
67.143
67.1572
67.1952
67.2059
67.2255
67.2603
67.2754
67.2979
67.3136
67.3226
67.3308
67.334
67.3427
67.3446
67.3586
67.3606
67.3612
67.3637
67.3785
67.3856
67.3974
67.4213
67.4254
67.4334
67.4334
67.4365
67.4368
67.4396
67.4426
67.4485
67.4485
67.45
67.4601
67.4755
67.4943
67.497
67.4983
67.5023
67.5308
67.5336
67.5389
67.5408
67.5452
67.5745
67.5746
67.5979
67.6023
67.6031
67.613
67.6158
67.6194
67.6255
67.6397
67.6424
67.6985
67.6997
67.7603
67.7644
67.7944
67.7958
67.8037
67.8107
67.8111
67.8188
67.824
67.8353
67.852
67.8704
67.8739
67.8802
67.8996
67.9049
67.9086
67.9284
67.929
67.9291
67.9359
67.9383
67.952
67.9607
67.9777
67.982
67.9829
68.013
68.0245
68.0287
68.0376
68.0407
68.047
68.0491
68.0644
68.0684
68.0826
68.0837
68.0848
68.103
68.1151
68.1271
68.1317
68.1336
68.136
68.1403
68.1406
68.1423
68.1554
68.1557
68.157
68.164
68.1745
68.2036
68.2112
68.2165
68.227
68.231
68.233
68.2337
68.2387
68.2415
68.2426
68.2467
68.2534
68.2577
68.2615
68.2685
68.2749
68.281
68.2966
68.3055
68.315
68.3155
68.3298
68.3918
68.4017
68.4287
68.4324
68.4361
68.4373
68.4445
68.4694
68.4804
68.4864
68.5093
68.524
68.5333
68.5395
68.5429
68.5734
68.5834
68.5837
68.6157
68.6216
68.6223
68.6294
68.6341
68.6398
68.6614
68.6648
68.6665
68.6669
68.6925
68.7059
68.7148
68.7359
68.7587
68.7614
68.7646
68.7827
68.8088
68.8229
68.8333
68.8416
68.8673
68.8746
68.8768
68.8853
68.8859
68.913
68.9139
68.9383
68.9503
68.961
68.9612
68.9619
68.9662
68.9801
68.9854
68.9878
68.997
69.0065
69.034
69.0388
69.04
69.0425
69.0538
69.0616
69.0624
69.0949
69.1
69.1309
69.1377
69.14
69.1484
69.1662
69.1801
69.1932
69.223
69.2282
69.2373
69.2386
69.2423
69.2623
69.2736
69.2757
69.3031
69.3061
69.3128
69.3137
69.3291
69.3373
69.346
69.3537
69.3562
69.358
69.3731
69.3782
69.396
69.4081
69.4123
69.4325
69.4674
69.476
69.4767
69.5233
69.5309
69.5357
69.5385
69.5412
69.5448
69.5489
69.5491
69.5612
69.5631
69.5917
69.5958
69.5996
69.6287
69.6352
69.6469
69.6588
69.683
69.6867
69.7005
69.7097
69.7246
69.7248
69.7368
69.7425
69.7492
69.7805
69.7854
69.7926
69.7963
69.7974
69.8016
69.8147
69.8211
69.8388
69.8438
69.846
69.8486
69.8522
69.8683
69.8784
69.8793
69.8823
69.91
69.9216
69.9224
69.9363
69.9385
69.9463
69.9699
69.9954
69.9995
70.0003
70.0171
70.0247
70.0367
70.0396
70.0572
70.0652
70.0681
70.0813
70.1077
70.1105
70.1226
70.1348
70.1352
70.1557
70.1755
70.1959
70.2046
70.2086
70.2111
70.2189
70.2286
70.2673
70.2728
70.3138
70.3309
70.3347
70.342
70.3457
70.3529
70.3539
70.3781
70.3805
70.3861
70.3861
70.4119
70.4278
70.4339
70.4629
70.464
70.4674
70.4724
70.4858
70.5054
70.5101
70.5261
70.5342
70.5371
70.5641
70.5766
70.5774
70.5817
70.6033
70.6102
70.614
70.6229
70.6246
70.6319
70.6473
70.6508
70.6521
70.6555
70.6802
70.685
70.6872
70.7123
70.7152
70.716
70.7166
70.725
70.7303
70.7322
70.739
70.7487
70.7518
70.754
70.7751
70.794
70.8018
70.8066
70.807
70.8097
70.8203
70.8258
70.8295
70.8382
70.8459
70.8472
70.8659
70.8923
70.9063
70.907
70.9082
70.9215
70.9385
70.9398
70.9535
70.9539
70.9615
70.9677
70.9684
70.9706
70.9745
70.9881
70.9905
71.0025
71.0123
71.02
71.0229
71.0242
71.0292
71.0316
71.0352
71.0427
71.0507
71.0539
71.0588
71.0607
71.0704
71.0736
71.0819
71.0909
71.0976
71.1094
71.1211
71.124
71.1321
71.1373
71.1443
71.1589
71.1819
71.1881
71.1938
71.2017
71.2183
71.2193
71.223
71.2282
71.2354
71.2438
71.2481
71.2706
71.2728
71.3125
71.3241
71.3269
71.329
71.3667
71.3797
71.381
71.3854
71.3904
71.4172
71.4213
71.4472
71.4477
71.4657
71.4784
71.4837
71.4895
71.4941
71.5529
71.5559
71.5619
71.5693
71.58
71.5986
71.6075
71.6101
71.6194
71.6422
71.6488
71.653
71.6593
71.6819
71.6831
71.6975
71.7141
71.7185
71.7388
71.7442
71.7623
71.7642
71.7686
71.7857
71.7897
71.7956
71.8229
71.8366
71.8424
71.847
71.8544
71.8545
71.8621
71.8714
71.8758
71.8885
71.9042
71.9076
71.9237
71.9971
72.0171
72.025
72.0289
72.039
72.0405
72.0447
72.0493
72.0515
72.0578
72.0681
72.0954
72.0966
72.1026
72.112
72.118
72.1304
72.1451
72.1473
72.1562
72.157
72.1598
72.1635
72.1642
72.2068
72.2125
72.2282
72.2388
72.2396
72.2471
72.2592
72.2607
72.2708
72.2972
72.3024
72.318
72.3197
72.3632
72.3737
72.3947
72.3985
72.4366
72.4454
72.4517
72.4658
72.4677
72.4705
72.4735
72.4813
72.4895
72.4906
72.5011
72.5022
72.5078
72.5235
72.5287
72.5299
72.5362
72.5377
72.5496
72.5552
72.5624
72.5799
72.5839
72.5918
72.5928
72.5999
72.613
72.6237
72.6308
72.6379
72.646
72.6654
72.6795
72.6829
72.6869
72.6893
72.6918
72.6935
72.6955
72.7057
72.7078
72.7321
72.7534
72.7693
72.7749
72.7876
72.7976
72.8022
72.8058
72.8157
72.8184
72.8211
72.8285
72.8316
72.8349
72.8411
72.8593
72.8606
72.8636
72.8669
72.8895
72.8902
72.9107
72.9183
72.9329
72.9374
72.939
72.9423
72.9519
72.9725
72.9783
72.9894
72.9965
72.9967
73.0002
73.0051
73.0066
73.0081
73.0086
73.0211
73.0248
73.0252
73.0255
73.0288
73.0307
73.0462
73.0801
73.0962
73.1093
73.1477
73.169
73.1727
73.1741
73.1965
73.1969
73.1983
73.2044
73.2182
73.2224
73.2287
73.2419
73.2799
73.2822
73.3118
73.3151
73.3232
73.3423
73.3658
73.372
73.382
73.391
73.4023
73.4108
73.4111
73.4119
73.417
73.4447
73.4547
73.4953
73.4969
73.501
73.5116
73.5222
73.568
73.5756
73.5842
73.593
73.5969
73.5986
73.6051
73.6307
73.6368
73.6418
73.6472
73.6616
73.6645
73.6649
73.6718
73.7289
73.7534
73.763
73.7671
73.7791
73.7806
73.8019
73.8083
73.8152
73.8355
73.8415
73.8497
73.8571
73.887
73.8965
73.9029
73.909
73.9298
73.9379
73.9674
73.9933
73.9983
74.0293
74.0349
74.0422
74.0467
74.0623
74.0647
74.0653
74.0683
74.0702
74.0719
74.0844
74.0861
74.0864
74.0869
74.0899
74.092
74.1008
74.1082
74.1175
74.1202
74.1357
74.138
74.1581
74.1787
74.2252
74.2295
74.2323
74.2484
74.2687
74.2866
74.3067
74.3329
74.3362
74.344
74.3495
74.3604
74.3694
74.3698
74.3781
74.3793
74.3819
74.3974
74.4434
74.4461
74.456
74.4604
74.4725
74.4989
74.5042
74.5089
74.53
74.535
74.5618
74.565
74.5705
74.5949
74.5965
74.6056
74.6131
74.6133
74.6342
74.6403
74.6768
74.6865
74.6904
74.7075
74.7264
74.7286
74.7331
74.7437
74.766
74.7664
74.7678
74.7904
74.7911
74.8078
74.8179
74.8255
74.8345
74.8505
74.8583
74.8609
74.8646
74.8707
74.8798
74.8801
74.8998
74.9057
74.9111
74.9129
74.9141
74.9258
74.9276
74.9369
74.9446
74.9463
74.9786
74.9793
74.9909
74.9941
75.0064
75.0123
75.0299
75.0332
75.0372
75.0402
75.0412
75.0457
75.0711
75.0807
75.0807
75.0949
75.1282
75.1395
75.1616
75.1632
75.1731
75.197
75.2181
75.2219
75.2349
75.2368
75.2629
75.2726
75.2812
75.3006
75.3116
75.3258
75.3443
75.3461
75.3508
75.3567
75.3667
75.3878
75.397
75.4126
75.4323
75.4406
75.4893
75.5318
75.5419
75.5706
75.5717
75.5718
75.572
75.579
75.5872
75.5925
75.6011
75.6282
75.6508
75.6675
75.6729
75.6894
75.7177
75.72
75.727
75.7372
75.7465
75.7504
75.7656
75.7673
75.7825
75.7832
75.7963
75.8247
75.8319
75.8361
75.8429
75.8559
75.916
75.9328
75.9388
75.942
75.945
75.9487
75.9511
75.9521
75.9762
75.9814
75.9832
75.9899
75.9955
76.0058
76.0126
76.0138
76.0231
76.0269
76.0358
76.0392
76.0505
76.0638
76.07
76.071
76.0876
76.0927
76.122
76.1409
76.1731
76.1772
76.1878
76.1917
76.208
76.2328
76.2372
76.2421
76.2427
76.2487
76.2521
76.2538
76.283
76.2878
76.2931
76.3277
76.3528
76.3654
76.3693
76.375
76.4089
76.4479
76.4609
76.4644
76.486
76.4951
76.5281
76.5395
76.5484
76.558
76.5624
76.5649
76.5736
76.5875
76.5944
76.5974
76.6025
76.6071
76.6296
76.6453
76.6658
76.6749
76.677
76.6854
76.6866
76.6891
76.7016
76.7077
76.717
76.7201
76.7274
76.7315
76.737
76.7395
76.743
76.7826
76.7831
76.7846
76.7868
76.7958
76.8231
76.8299
76.8358
76.8365
76.8416
76.8907
76.8964
76.9131
76.9167
76.9243
76.9349
76.9366
76.9528
76.984
76.9966
77.0023
77.0144
77.0218
77.0266
77.0685
77.0737
77.0757
77.0904
77.1017
77.1101
77.1218
77.133
77.1464
77.1532
77.1578
77.1722
77.1786
77.1884
77.2063
77.2075
77.2241
77.2454
77.2622
77.2646
77.2733
77.2734
77.2861
77.2901
77.3042
77.3082
77.3096
77.3204
77.3247
77.3259
77.3274
77.3328
77.3452
77.3472
77.3615
77.3634
77.3798
77.3851
77.3917
77.4083
77.4302
77.4311
77.4589
77.4672
77.4827
77.4846
77.4974
77.5134
77.5313
77.538
77.5384
77.5393
77.5676
77.5778
77.5807
77.6001
77.6261
77.6323
77.642
77.6454
77.6501
77.6588
77.6711
77.674
77.6873
77.6989
77.7016
77.7314
77.7538
77.7547
77.7608
77.7725
77.7771
77.7794
77.783
77.7856
77.7983
77.8091
77.8456
77.8511
77.8545
77.8569
77.8711
77.879
77.8794
77.8868
77.8898
77.9057
77.9165
77.9232
77.9303
77.9406
77.9497
77.9689
77.9724
77.9739
77.9742
77.9777
78.0005
78.0092
78.0125
78.0304
78.0335
78.0417
78.0549
78.0727
78.0741
78.075
78.0879
78.0881
78.0905
78.1177
78.124
78.1428
78.1909
78.2002
78.2094
78.2453
78.2515
78.2544
78.276
78.2819
78.2828
78.285
78.2877
78.294
78.2942
78.2972
78.2996
78.3119
78.3124
78.3185
78.3188
78.3307
78.3532
78.3537
78.3662
78.3845
78.41
78.4131
78.4145
78.4187
78.4279
78.428
78.4481
78.4697
78.491
78.4958
78.498
78.5111
78.513
78.5152
78.528
78.5325
78.5786
78.5824
78.5878
78.598
78.6241
78.637
78.6503
78.6571
78.6779
78.6794
78.6928
78.7046
78.7068
78.7077
78.7232
78.729
78.7568
78.7658
78.7702
78.772
78.7751
78.778
78.8007
78.8187
78.841
78.8441
78.8518
78.8555
78.8819
78.8949
78.9111
78.9192
78.9207
78.9261
78.9339
78.9501
78.9713
78.9797
78.9972
79.0102
79.0165
79.0409
79.0482
79.1373
79.1424
79.1449
79.1492
79.151
79.1578
79.1579
79.1586
79.1595
79.1596
79.1871
79.2286
79.2339
79.2517
79.2613
79.2617
79.2693
79.27
79.2754
79.2991
79.3023
79.3106
79.3253
79.3316
79.3341
79.3401
79.3476
79.3598
79.3619
79.3695
79.385
79.3864
79.3887
79.3904
79.3975
79.4276
79.4348
79.4363
79.4468
79.4504
79.4511
79.477
79.4843
79.5225
79.5229
79.5332
79.5378
79.5411
79.5738
79.586
79.5919
79.5958
79.6013
79.6123
79.6199
79.6287
79.6509
79.6649
79.6831
79.6854
79.6857
79.697
79.7065
79.7152
79.728
79.7324
79.7364
79.7437
79.7544
79.7614
79.7708
79.7733
79.7797
79.7929
79.8106
79.8173
79.8277
79.8519
79.8609
79.8613
79.8679
79.8687
79.8731
79.8796
79.8809
79.8875
79.8899
79.8926
79.8947
79.9022
79.9321
79.9395
79.9399
79.9532
79.9647
79.9653
79.9709
79.9811
80.0139
80.0172
80.0248
80.0613
80.0647
80.0666
80.0755
80.0774
80.078
80.0819
80.0879
80.1032
80.159
80.1711
80.1739
80.1763
80.1786
80.1825
80.1897
80.1949
80.1968
80.2045
80.2111
80.2213
80.2287
80.2341
80.238
80.2489
80.255
80.3614
80.3721
80.381
80.4195
80.4195
80.4431
80.4443
80.4521
80.4707
80.4771
80.4794
80.4905
80.4912
80.4977
80.5017
80.5017
80.5032
80.5334
80.5386
80.5503
80.5556
80.5822
80.598
80.627
80.6325
80.6451
80.649
80.6612
80.675
80.6755
80.6904
80.7271
80.7444
80.7531
80.7549
80.7634
80.7645
80.7646
80.7692
80.7952
80.798
80.8058
80.8062
80.8171
80.8175
80.819
80.82
80.8203
80.8229
80.8362
80.8681
80.8748
80.8852
80.8931
80.898
80.913
80.9137
80.9188
80.9373
80.9415
80.942
80.9478
80.9633
80.9663
80.9732
80.9735
80.9824
81.0007
81.0085
81.0233
81.0292
81.041
81.0551
81.1064
81.1067
81.1117
81.1158
81.1195
81.1256
81.1356
81.1526
81.1556
81.169
81.1732
81.1758
81.1874
81.2087
81.2163
81.2199
81.2261
81.228
81.235
81.2497
81.2529
81.2716
81.3034
81.3219
81.3449
81.3571
81.3611
81.3633
81.3819
81.4027
81.4095
81.4143
81.4189
81.4393
81.4623
81.4626
81.4657
81.4709
81.4805
81.4826
81.5023
81.504
81.509
81.5133
81.5206
81.5283
81.5652
81.5684
81.5769
81.5803
81.5934
81.5984
81.6001
81.6117
81.6187
81.6191
81.6215
81.6253
81.6383
81.642
81.6521
81.6637
81.687
81.6892
81.6897
81.7217
81.7377
81.7665
81.8113
81.8407
81.8423
81.8764
81.881
81.8823
81.8943
81.9064
81.9255
81.961
81.9801
81.9985
82.0015
82.0116
82.0128
82.016
82.0192
82.0433
82.0841
82.1041
82.1216
82.1246
82.1307
82.137
82.1398
82.1903
82.2231
82.2239
82.2273
82.2285
82.2324
82.2326
82.2555
82.2605
82.2775
82.2818
82.2859
82.2869
82.3011
82.3125
82.3164
82.3292
82.3326
82.3414
82.3455
82.3509
82.3608
82.3643
82.3741
82.3801
82.3808
82.3874
82.3938
82.399
82.4019
82.4034
82.4069
82.4199
82.4222
82.4242
82.4346
82.4535
82.4632
82.4646
82.4655
82.4837
82.4918
82.5124
82.5215
82.5324
82.5325
82.5627
82.5644
82.5773
82.5952
82.6031
82.6174
82.6281
82.6282
82.6364
82.6595
82.6679
82.6704
82.6774
82.6815
82.6958
82.697
82.7071
82.7236
82.7392
82.7396
82.7567
82.7569
82.7685
82.7799
82.7802
82.7842
82.7949
82.7951
82.8154
82.8211
82.915
82.9261
82.9532
82.9715
82.9717
82.9736
82.9755
82.9803
82.9906
83.0078
83.0131
83.0192
83.0316
83.0342
83.0459
83.0551
83.0643
83.0729
83.0731
83.0838
83.0845
83.0966
83.1063
83.1078
83.1169
83.1175
83.1214
83.1321
83.1337
83.1364
83.1399
83.1437
83.1605
83.18
83.1831
83.2068
83.2179
83.2184
83.2231
83.2237
83.2414
83.2424
83.2556
83.2631
83.2811
83.293
83.31
83.3102
83.3165
83.3215
83.3278
83.3436
83.3565
83.3889
83.3901
83.3955
83.4073
83.4146
83.4234
83.4274
83.432
83.4339
83.4383
83.4399
83.4622
83.4642
83.4731
83.4752
83.4779
83.4783
83.4858
83.5009
83.5258
83.5273
83.5342
83.5434
83.5441
83.5584
83.5735
83.5854
83.5918
83.5978
83.6038
83.6047
83.6232
83.6468
83.656
83.6849
83.7174
83.7276
83.7277
83.7279
83.728
83.7367
83.7507
83.7615
83.7703
83.7739
83.7877
83.8087
83.8105
83.8123
83.813
83.826
83.8297
83.8393
83.8455
83.8469
83.8476
83.8559
83.8642
83.8736
83.8762
83.882
83.9205
83.9206
83.9246
83.9383
83.9948
84.0046
84.0054
84.0125
84.0134
84.0344
84.0386
84.0517
84.0537
84.0682
84.0688
84.122
84.1377
84.1531
84.1532
84.1602
84.1655
84.1805
84.181
84.1939
84.197
84.1975
84.1989
84.2039
84.2044
84.2198
84.2281
84.255
84.2589
84.2669
84.2779
84.2793
84.3403
84.3421
84.3651
84.3685
84.3727
84.3805
84.3878
84.3882
84.3983
84.3987
84.4125
84.4414
84.4472
84.4553
84.4654
84.4688
84.4693
84.4856
84.5067
84.5075
84.5224
84.5267
84.5352
84.5367
84.5506
84.5627
84.5841
84.5884
84.5929
84.606
84.6162
84.6169
84.632
84.6627
84.6849
84.687
84.7085
84.711
84.7147
84.7161
84.7201
84.7348
84.7361
84.742
84.7495
84.7581
84.7704
84.7788
84.8089
84.8296
84.8407
84.8468
84.8498
84.8547
84.8579
84.8759
84.8811
84.9035
84.9071
84.9097
84.9133
84.92
84.9235
84.9254
84.9395
84.9438
84.9467
84.9493
84.9552
84.9724
84.9797
85.0167
85.0175
85.037
85.0491
85.0711
85.0766
85.091
85.1289
85.1476
85.1696
85.1937
85.2136
85.2165
85.2173
85.2195
85.2249
85.2334
85.2516
85.2544
85.2605
85.2725
85.2782
85.2871
85.2921
85.2935
85.2992
85.3139
85.347
85.3538
85.3552
85.3583
85.3584
85.4056
85.4125
85.4159
85.423
85.4282
85.4338
85.445
85.4451
85.4469
85.4672
85.4864
85.4891
85.5088
85.5095
85.5249
85.5268
85.5362
85.5539
85.5569
85.5571
85.5602
85.5875
85.5879
85.5995
85.6019
85.6092
85.614
85.6231
85.63
85.6396
85.65
85.651
85.6515
85.6526
85.6608
85.6645
85.6779
85.6839
85.6841
85.7066
85.7072
85.7074
85.7157
85.7347
85.7471
85.7501
85.7693
85.7787
85.7852
85.7883
85.7969
85.7994
85.8099
85.8161
85.8174
85.8273
85.8288
85.8368
85.837
85.8668
85.8753
85.8815
85.9027
85.9104
85.9258
85.9417
85.9484
85.9553
85.9715
86.0172
86.0683
86.0686
86.0744
86.0793
86.0794
86.0886
86.1241
86.1283
86.1383
86.1503
86.155
86.156
86.1637
86.1752
86.1772
86.1969
86.1994
86.2068
86.2122
86.22
86.2307
86.2373
86.2418
86.2678
86.274
86.2885
86.2937
86.2956
86.2971
86.3108
86.319
86.3207
86.3276
86.3349
86.3364
86.3484
86.3505
86.3528
86.354
86.358
86.3914
86.4307
86.4576
86.4617
86.4877
86.4982
86.5021
86.5176
86.527
86.5414
86.5434
86.5488
86.5537
86.574
86.5753
86.5929
86.5955
86.5988
86.6008
86.6115
86.6209
86.6424
86.6473
86.6666
86.6888
86.6915
86.6953
86.6964
86.7028
86.7065
86.7087
86.7232
86.7328
86.7364
86.7431
86.7478
86.7527
86.7702
86.7717
86.7922
86.7973
86.8023
86.8051
86.806
86.8299
86.8515
86.8604
86.8745
86.877
86.8805
86.8871
86.8963
86.899
86.9061
86.9295
86.9303
86.9347
86.935
86.946
86.9622
86.9801
86.9889
86.9928
86.998
87.0046
87.0116
87.0187
87.043
87.0435
87.0505
87.1064
87.1122
87.1324
87.1384
87.1393
87.1548
87.1612
87.163
87.1632
87.1724
87.1805
87.2049
87.2092
87.2115
87.2115
87.2222
87.2429
87.257
87.2852
87.2915
87.2952
87.2989
87.304
87.3302
87.3455
87.3469
87.3557
87.3626
87.3658
87.3671
87.3727
87.3846
87.385
87.4003
87.4067
87.4223
87.4276
87.441
87.4936
87.5082
87.5253
87.544
87.5468
87.5474
87.5531
87.5726
87.6006
87.6246
87.625
87.6309
87.6326
87.6491
87.657
87.6678
87.6686
87.6757
87.702
87.7147
87.7158
87.7219
87.7364
87.7404
87.7571
87.7573
87.7739
87.7892
87.7917
87.7926
87.7942
87.7946
87.8051
87.8056
87.8074
87.8431
87.8433
87.8495
87.8578
87.8619
87.8633
87.8662
87.8675
87.8915
87.905
87.9426
87.9681
87.989
87.9929
87.9984
88.0022
88.0061
88.0467
88.0701
88.0748
88.0814
88.0923
88.0956
88.0993
88.1016
88.1064
88.109
88.1246
88.1566
88.1725
88.1757
88.1786
88.2067
88.2269
88.2614
88.2745
88.3032
88.3098
88.3165
88.3177
88.3198
88.3293
88.3337
88.3408
88.348
88.3666
88.3692
88.3702
88.3969
88.4092
88.4164
88.4178
88.4222
88.4664
88.4943
88.497
88.5061
88.5362
88.5369
88.5517
88.5692
88.5724
88.5998
88.6142
88.6147
88.6398
88.6702
88.6786
88.683
88.693
88.7014
88.7084
88.7193
88.7261
88.7386
88.7441
88.756
88.7632
88.7726
88.7794
88.7932
88.8048
88.818
88.8323
88.8468
88.8592
88.8658
88.8776
88.8847
88.8933
88.9011
88.9031
88.9174
88.9377
88.9455
88.9458
88.947
88.9505
88.9577
88.9614
88.9684
88.9981
89.0083
89.0183
89.044
89.0481
89.0562
89.0609
89.0663
89.0834
89.0865
89.0868
89.0909
89.1046
89.1301
89.1428
89.1532
89.1534
89.1545
89.1868
89.1884
89.2062
89.2122
89.2135
89.2423
89.2609
89.263
89.2809
89.3006
89.3268
89.3544
89.3593
89.3697
89.3781
89.3891
89.3935
89.4155
89.4165
89.4252
89.4341
89.4581
89.4626
89.4642
89.4728
89.4766
89.4807
89.4837
89.5001
89.5092
89.5209
89.5258
89.5403
89.5555
89.559
89.583
89.5849
89.5852
89.5942
89.599
89.6037
89.6041
89.6105
89.6138
89.6187
89.6272
89.654
89.6789
89.714
89.7174
89.7294
89.7412
89.7756
89.7786
89.7814
89.7841
89.7894
89.7962
89.8016
89.8074
89.8261
89.8302
89.8424
89.845
89.8855
89.8868
89.8935
89.8961
89.9134
89.939
89.9436
89.9443
89.9495
89.9623
89.9709
89.973
90.0022
90.0138
90.0183
90.0368
90.0786
90.0862
90.0911
90.0988
90.1259
90.1281
90.1342
90.1398
90.143
90.1657
90.181
90.2056
90.2067
90.2068
90.219
90.2275
90.2434
90.2544
90.2667
90.2907
90.2963
90.3049
90.3063
90.3099
90.3241
90.3376
90.3549
90.3594
90.3746
90.3922
90.3928
90.394
90.3973
90.4117
90.4123
90.4126
90.4135
90.4306
90.4413
90.4475
90.4723
90.4731
90.4739
90.4986
90.5125
90.5419
90.5617
90.5632
90.5765
90.5913
90.6043
90.6098
90.6154
90.6217
90.6416
90.6425
90.6427
90.6584
90.6673
90.6724
90.6749
90.6944
90.7109
90.7365
90.7386
90.74
90.7409
90.7458
90.7513
90.7616
90.7623
90.7693
90.7758
90.7839
90.7889
90.816
90.8217
90.8284
90.8299
90.8434
90.8529
90.8937
90.8941
90.9103
90.9112
90.9234
90.9318
90.9366
90.9375
90.9377
90.9401
90.9424
90.9791
90.9798
90.9817
90.988
91.0169
91.0209
91.0219
91.0356
91.0387
91.0511
91.0565
91.06
91.0615
91.0735
91.0756
91.0862
91.0999
91.1027
91.1058
91.1307
91.1424
91.1495
91.1609
91.1715
91.1868
91.1941
91.206
91.2081
91.2215
91.2264
91.2322
91.2424
91.2485
91.2525
91.2577
91.2669
91.2717
91.2749
91.3117
91.3139
91.3193
91.3314
91.3625
91.372
91.4119
91.415
91.4163
91.4399
91.5016
91.5018
91.5111
91.5174
91.5345
91.5464
91.5724
91.5741
91.6018
91.6108
91.6197
91.6294
91.6454
91.6551
91.6559
91.6603
91.6626
91.6664
91.6779
91.6815
91.693
91.6938
91.7118
91.7124
91.7166
91.7214
91.7519
91.7528
91.7535
91.7783
91.7815
91.7869
91.8039
91.8095
91.8123
91.8211
91.8273
91.8277
91.8356
91.844
91.8472
91.8474
91.8624
91.893
91.8988
91.9078
91.9117
91.9215
91.9386
91.9456
91.9483
91.9574
91.9608
91.9734
91.9783
91.9914
91.9927
92.0001
92.0224
92.0684
92.0741
92.0813
92.0854
92.0855
92.0875
92.0991
92.1029
92.1088
92.1151
92.1153
92.1171
92.1268
92.1443
92.1514
92.1594
92.1791
92.1953
92.2187
92.2267
92.2505
92.2524
92.2852
92.2868
92.2932
92.2949
92.2979
92.3064
92.3146
92.3218
92.3263
92.3501
92.3611
92.3883
92.4123
92.4233
92.424
92.4241
92.4396
92.4398
92.4425
92.4451
92.4647
92.4656
92.4838
92.4876
92.492
92.4948
92.5036
92.5095
92.51
92.5125
92.5144
92.5209
92.5365
92.5405
92.5648
92.5697
92.5795
92.5966
92.5989
92.6011
92.6089
92.6102
92.6427
92.6628
92.6771
92.6787
92.6946
92.702
92.7318
92.7493
92.756
92.7622
92.8081
92.8225
92.8542
92.8601
92.8708
92.8878
92.8888
92.9013
92.9129
92.9298
92.949
92.9628
92.9682
92.9701
92.9714
92.9714
92.9755
92.9806
92.9965
93.0145
93.0247
93.0297
93.033
93.0782
93.1032
93.1037
93.1049
93.107
93.1139
93.1301
93.1305
93.1307
93.1771
93.1843
93.1868
93.2027
93.2079
93.2562
93.2603
93.2652
93.2674
93.2697
93.2742
93.3002
93.3089
93.3111
93.333
93.3423
93.3424
93.3439
93.366
93.376
93.397
93.4119
93.4217
93.4251
93.4271
93.4306
93.4346
93.4359
93.4493
93.4522
93.4603
93.4704
93.4781
93.4792
93.4942
93.4949
93.4955
93.5032
93.5059
93.5214
93.5219
93.5223
93.536
93.538
93.5784
93.6055
93.6159
93.6442
93.6574
93.6754
93.6808
93.7067
93.735
93.7551
93.7587
93.768
93.7787
93.783
93.7988
93.8243
93.8308
93.8738
93.8764
93.9029
93.9048
93.9078
93.9083
93.9309
93.9471
93.9548
93.9639
93.9666
93.9731
93.9831
93.9848
93.9872
93.9898
94.0003
94.0014
94.0074
94.0146
94.0216
94.0311
94.041
94.0603
94.0984
94.1366
94.1403
94.1881
94.204
94.2082
94.2103
94.2114
94.2195
94.2439
94.3025
94.3035
94.3123
94.3136
94.3279
94.3463
94.35
94.3592
94.3613
94.367
94.3683
94.3793
94.4009
94.4042
94.4055
94.4065
94.4069
94.4331
94.4448
94.4494
94.4772
94.4809
94.4835
94.5087
94.5191
94.5853
94.5871
94.6167
94.6258
94.6322
94.6356
94.6375
94.644
94.6448
94.6577
94.6605
94.6808
94.6816
94.682
94.6842
94.6971
94.7023
94.7168
94.7195
94.7288
94.7394
94.7581
94.7763
94.7933
94.7989
94.8229
94.8254
94.85
94.854
94.8649
94.8747
94.8793
94.8837
94.8861
94.8925
94.9003
94.9011
94.9025
94.9342
94.9597
94.9629
94.9658
94.9715
94.9735
94.9878
94.9908
94.9982
95.0196
95.0296
95.0321
95.0614
95.0699
95.0762
95.0863
95.0874
95.0921
95.0927
95.0976
95.107
95.1264
95.1345
95.1397
95.1426
95.1589
95.1729
95.1946
95.1968
95.2001
95.2143
95.2371
95.2443
95.2472
95.2512
95.2595
95.2679
95.2809
95.2814
95.2833
95.2885
95.3043
95.3098
95.3144
95.3199
95.3272
95.3336
95.3387
95.3435
95.3474
95.3475
95.3481
95.3521
95.3575
95.3777
95.3841
95.3961
95.4081
95.4173
95.4401
95.4455
95.4482
95.4551
95.4553
95.4748
95.4931
95.4943
95.4953
95.5018
95.5158
95.522
95.5288
95.5468
95.5572
95.5642
95.581
95.5819
95.6082
95.6206
95.6449
95.6507
95.6562
95.6695
95.6713
95.6937
95.6944
95.6954
95.6966
95.7003
95.7057
95.7075
95.7202
95.7285
95.741
95.7721
95.7761
95.7967
95.7983
95.8092
95.8283
95.8406
95.8418
95.8464
95.9029
95.9046
95.9088
95.9213
95.9222
95.9293
95.9313
95.944
95.9525
95.9551
95.9583
95.9723
95.9784
95.9788
95.9817
95.986
95.9927
96.004
96.0088
96.0114
96.0157
96.0214
96.0324
96.0677
96.0694
96.0905
96.1037
96.1157
96.1215
96.123
96.1241
96.1314
96.1421
96.1424
96.1766
96.208
96.2104
96.2154
96.2182
96.2276
96.2277
96.2439
96.2499
96.2603
96.2612
96.2624
96.2707
96.2809
96.2936
96.2998
96.3003
96.3043
96.3284
96.3379
96.3588
96.3724
96.3803
96.3822
96.399
96.4112
96.429
96.4334
96.4399
96.4432
96.4465
96.4495
96.4952
96.4966
96.5007
96.5062
96.5101
96.5688
96.5695
96.5847
96.5852
96.5874
96.6217
96.6582
96.6598
96.6764
96.6769
96.7002
96.7011
96.7108
96.7173
96.7236
96.7305
96.7341
96.7684
96.7695
96.7804
96.7828
96.7878
96.7888
96.7922
96.7923
96.7998
96.8352
96.8355
96.8439
96.8524
96.864
96.8775
96.8783
96.8862
96.8868
96.9037
96.9223
96.9344
96.9684
96.9727
96.9832
96.9837
96.9902
96.9909
97.0053
97.0429
97.0436
97.0468
97.0471
97.054
97.0709
97.0713
97.0774
97.0822
97.0944
97.0969
97.097
97.1049
97.1493
97.1515
97.1525
97.1592
97.1682
97.1877
97.1973
97.2131
97.2172
97.2276
97.2323
97.2342
97.2375
97.2424
97.2447
97.2448
97.2508
97.2587
97.2609
97.2645
97.2679
97.2982
97.2998
97.3024
97.3046
97.3202
97.3229
97.3375
97.3868
97.3915
97.4009
97.4057
97.417
97.426
97.4369
97.4456
97.4561
97.4604
97.4727
97.4754
97.4856
97.4886
97.4966
97.5023
97.5388
97.5419
97.5562
97.5832
97.5896
97.5969
97.5973
97.6257
97.6285
97.6337
97.6465
97.6475
97.6576
97.6655
97.6659
97.6666
97.6789
97.6802
97.6965
97.7002
97.7028
97.7046
97.7189
97.7295
97.7649
97.7799
97.7889
97.7931
97.7972
97.8169
97.8183
97.8487
97.8495
97.8509
97.8661
97.8687
97.8976
97.8979
97.9091
97.9203
97.9268
97.929
97.9291
97.9334
97.9525
97.962
97.9824
97.9857
97.9915
97.9926
98.002
98.03
98.0462
98.0605
98.0757
98.0858
98.0962
98.0989
98.1028
98.1046
98.111
98.1205
98.1491
98.1496
98.154
98.1723
98.1724
98.1767
98.1903
98.1929
98.2108
98.2349
98.2361
98.251
98.2668
98.2851
98.2957
98.3232
98.3331
98.3355
98.3359
98.3381
98.3489
98.3603
98.3606
98.3744
98.3914
98.4407
98.4453
98.4494
98.4518
98.4645
98.4924
98.4999
98.5247
98.5619
98.5621
98.5689
98.5735
98.582
98.5961
98.5976
98.6045
98.616
98.6167
98.626
98.633
98.6435
98.648
98.6548
98.6659
98.6693
98.67
98.6917
98.7072
98.7159
98.7162
98.7164
98.723
98.7247
98.7283
98.7361
98.7387
98.7408
98.746
98.7592
98.7606
98.7772
98.7821
98.7831
98.7934
98.7955
98.8016
98.8055
98.8179
98.818
98.8294
98.8305
98.8379
98.8474
98.8517
98.8522
98.8781
98.9021
98.941
98.9671
98.984
98.9883
99.011
99.0139
99.017
99.032
99.0345
99.0494
99.0546
99.0647
99.0682
99.0769
99.0772
99.0813
99.0839
99.088
99.1042
99.1241
99.1335
99.1477
99.1581
99.1587
99.1645
99.1796
99.2036
99.2046
99.2052
99.2054
99.2056
99.2103
99.2119
99.2271
99.25
99.2505
99.2562
99.2729
99.2742
99.2743
99.2753
99.2881
99.2907
99.2922
99.3064
99.3154
99.3194
99.3533
99.3535
99.3544
99.3633
99.3684
99.3693
99.3832
99.3908
99.3977
99.4068
99.4143
99.4154
99.4183
99.4245
99.4381
99.4467
99.4505
99.4775
99.489
99.4905
99.493
99.4987
99.5125
99.5185
99.5426
99.548
99.5484
99.5545
99.5594
99.5678
99.5849
99.5923
99.6274
99.6336
99.6461
99.6475
99.6525
99.6683
99.6698
99.6777
99.7041
99.7272
99.7277
99.7422
99.7552
99.7875
99.8041
99.8303
99.8363
99.8411
99.8711
99.8724
99.8815
99.8832
99.8874
99.8979
99.9193
99.9196
99.9335
99.9414
99.9528
99.9662
99.9861
99.9942
144797 comparisons made.